3    3    40.748939    -73.992280    1333461608
3    4244    40.750795    -73.993576    1333465062
15    2715    40.773839    -73.871220    1354876075
15    14627    40.757564    -73.989238    1354881399
15    169732    40.758375    -73.988497    1354882607
15    221473    40.762890    -73.974030    1354892820
15    99811    40.753874    -73.984429    1354981031
15    13941    40.763556    -73.972868    1355066443
31    6589    40.736527    -73.990560    1333800018
31    135707    40.767611    -73.971258    1334145645
31    141205    40.629924    -73.884778    1334430779
31    169139    40.721968    -73.957562    1337205305
31    155213    40.794840    -73.926392    1339071051
31    451479    40.790160    -73.955498    1339315196
31    1690911    40.744851    -73.970561    1370435953
31    952654    40.750996    -73.849368    1373982998
36    222007    40.764169    -73.973415    1363857124
36    1279464    40.761765    -73.961230    1364072723
82    37708    40.759903    -73.980346    1371985858
82    3493080    40.754755    -73.986564    1372870417
82    10560    40.774562    -73.972664    1372954627
82    1748979    40.745368    -73.977496    1372962107
138    253334    40.761847    -73.990151    1352660787
138    2715    40.773839    -73.871220    1366737563
138    2314423    40.749569    -73.981341    1367341673
138    4244    40.750795    -73.993576    1367492725
138    2668226    40.761317    -73.967578    1368475636
138    331233    40.661041    -73.829623    1368536987
138    2715    40.773839    -73.871220    1372922390
138    174029    40.741797    -73.997271    1373396751
138    2586271    40.763455    -73.988865    1373476078
138    172147    40.765163    -73.987631    1374978397
138    2159239    40.746888    -73.986587    1375440997
138    2715    40.773839    -73.871220    1379180648
162    156478    40.828391    -73.926101    1338289505
162    156478    40.828391    -73.926101    1339152640
162    62142    40.829491    -73.926938    1339183763
162    156478    40.828391    -73.926101    1339273172
162    156478    40.828391    -73.926101    1339322228
162    508566    40.827334    -73.925130    1339358341
162    29693    40.744341    -73.990426    1339440347
162    156478    40.828391    -73.926101    1340217401
162    156478    40.828391    -73.926101    1340741396
162    156478    40.828391    -73.926101    1341230675
162    329083    40.736885    -73.990731    1341332558
162    336779    40.884687    -73.899701    1342109752
162    156478    40.828391    -73.926101    1342346461
162    156478    40.828391    -73.926101    1342434918
162    156478    40.828391    -73.926101    1342522551
162    156478    40.828391    -73.926101    1342607472
162    156478    40.828391    -73.926101    1343476058
162    156478    40.828391    -73.926101    1343648779
162    156478    40.828391    -73.926101    1344158482
162    2715    40.773839    -73.871220    1344764497
162    156478    40.828391    -73.926101    1345119483
162    156478    40.828391    -73.926101    1345391336
162    508566    40.827334    -73.925130    1347712502
162    156478    40.828391    -73.926101    1349691198
162    32461    40.737610    -73.987941    1351026575
162    156478    40.828391    -73.926101    1352112331
162    156478    40.828391    -73.926101    1352465924
162    329083    40.736885    -73.990731    1352490056
162    156478    40.828391    -73.926101    1352718200
162    423937    40.745135    -73.978742    1353174353
162    619284    40.857709    -73.911552    1353336367
162    2251908    40.735584    -73.990924    1356102897
162    156478    40.828391    -73.926101    1356181691
162    155177    40.733548    -73.991029    1356201467
162    671212    40.748623    -73.924957    1357324750
162    802095    40.804664    -73.966235    1362945812
162    2734676    40.862414    -73.884387    1365258951
162    12915    40.757221    -73.991547    1365359370
162    1294347    40.761883    -73.966034    1376745045
162    747164    40.780773    -73.949435    1379010662
162    329710    40.781752    -73.951616    1379015040
164    172    40.732322    -73.985359    1333461725
164    172    40.732322    -73.985359    1333881159
164    218695    40.722890    -73.982811    1333897311
164    259138    40.724170    -73.978871    1334006090
164    172    40.732322    -73.985359    1334141699
164    327599    40.735470    -73.992126    1334151381
164    366425    40.742355    -73.985032    1334242878
164    172    40.732322    -73.985359    1334311448
164    10426    40.750516    -73.993499    1334347088
164    113143    40.743114    -73.989175    1334362585
164    15733    40.742278    -73.985256    1334444050
164    463707    40.742217    -73.985796    1334449005
164    172    40.732322    -73.985359    1334587987
164    172    40.732322    -73.985359    1334660312
164    218771    40.743689    -73.979752    1334688437
164    159181    40.729096    -73.988864    1334765262
164    172    40.732322    -73.985359    1334936764
164    172    40.732322    -73.985359    1335284171
164    172    40.732322    -73.985359    1335356025
164    172    40.732322    -73.985359    1335521316
164    197835    40.735957    -73.987126    1335559037
164    445498    40.725250    -73.977984    1335648584
164    128896    40.765179    -73.971872    1362746915
177    243930    40.693663    -73.963629    1335102686
177    118337    40.768033    -73.981869    1335102919
177    369650    40.769004    -73.982320    1335103000
177    105676    40.749859    -73.989962    1335125821
177    8674    40.759010    -73.979298    1335430813
177    502029    40.756256    -73.970465    1335434336
177    763053    40.756837    -73.972503    1335434428
195    111628    40.759168    -73.984922    1361214523
195    34111    40.778937    -73.962298    1361282593
195    172818    40.778502    -73.963899    1361282734
198    2211823    40.757640    -73.986939    1363375998
198    13941    40.763556    -73.972868    1363438691
198    424    40.781184    -73.973203    1363448320
198    455936    40.763544    -73.982964    1363545358
198    216123    40.761943    -73.983597    1363546874
198    586227    40.757379    -73.988286    1363634752
198    12648    40.764226    -73.980711    1363635334
204    214    40.755881    -73.985778    1333461752
204    410156    40.762904    -73.969794    1334333587
204    214    40.755881    -73.985778    1334593927
204    214    40.755881    -73.985778    1334671319
204    235414    40.752286    -73.985801    1334679787
204    6589    40.736527    -73.990560    1334995998
204    214    40.755881    -73.985778    1336126074
204    6589    40.736527    -73.990560    1336221872
204    214    40.755881    -73.985778    1336386391
204    214    40.755881    -73.985778    1337262328
204    4191    40.645089    -73.784523    1338960654
204    4191    40.645089    -73.784523    1339393490
204    1160671    40.580438    -73.825593    1339864747
204    247457    40.744564    -73.996630    1339941795
204    6589    40.736527    -73.990560    1341671634
204    1436554    40.580615    -73.825890    1341774691
204    214    40.755881    -73.985778    1342007414
204    221780    40.731718    -73.985554    1347656920
204    4191    40.645089    -73.784523    1354721289
204    161613    40.759335    -73.986639    1358020280
204    2534407    40.749394    -73.976710    1360175348
204    607955    40.755645    -73.989036    1366402656
204    484758    40.739372    -73.994122    1366655747
204    1401    40.742188    -73.987924    1367766779
204    182966    40.741874    -73.987930    1369163603
204    214    40.755881    -73.985778    1369832774
204    6589    40.736527    -73.990560    1371911597
204    214    40.755881    -73.985778    1375109665
204    213881    40.720494    -73.961763    1375632763
204    1260589    40.723766    -73.979138    1376934079
204    219201    40.723966    -73.980710    1377453777
219    106033    40.762016    -73.986654    1333553193
219    212105    40.747346    -73.851739    1334148918
219    217928    40.673282    -73.832610    1334420708
219    10426    40.750516    -73.993499    1334494955
219    10426    40.750516    -73.993499    1334502914
219    3761    40.771426    -73.973501    1335522691
219    837393    40.732433    -73.982661    1335709967
219    294569    40.766378    -73.991781    1336590751
219    171204    40.742762    -73.976923    1336787081
219    1033451    40.745469    -73.975481    1336790257
219    507276    40.748724    -73.984377    1339423134
219    1073496    40.744138    -73.981396    1339511302
219    1229682    40.779159    -73.950738    1340216048
219    13927    40.755612    -73.970926    1340223187
219    109250    40.753024    -73.981824    1340232402
219    503082    40.754234    -73.974293    1341703712
219    171343    40.762842    -73.971734    1341786387
219    164355    40.762858    -73.971619    1342124143
219    213879    40.743624    -73.985856    1344205726
219    1857178    40.759623    -73.976444    1344775047
219    1496416    40.762334    -73.974385    1344776441
219    414848    40.753926    -73.991544    1345151210
219    213741    40.755949    -73.972428    1345240693
219    4191    40.645089    -73.784523    1345300359
219    152859    40.744215    -73.988538    1352127196
219    4244    40.750795    -73.993576    1353999723
219    2381998    40.761141    -73.832076    1354451787
219    415536    40.759659    -73.831572    1354649441
219    211601    40.781354    -73.972771    1355587221
219    247592    40.750297    -73.975067    1360011517
221    233    40.745104    -73.982484    1333461761
221    222620    40.762617    -73.993360    1334491975
221    8349    40.756490    -73.986268    1334691641
221    573561    40.761527    -74.000217    1334829480
221    655677    40.760736    -73.998707    1335051512
221    728376    40.747462    -73.993072    1335277337
221    728376    40.747462    -73.993072    1335366302
221    746560    40.756115    -73.992706    1335379057
221    573561    40.761527    -74.000217    1335556405
221    573561    40.761527    -74.000217    1336022855
221    746560    40.756115    -73.992706    1336238062
221    25927    40.760231    -73.995121    1336515975
221    16865    40.760427    -73.977696    1336556947
221    728376    40.747462    -73.993072    1336664547
221    447021    40.744851    -73.965325    1336726344
221    2715    40.773839    -73.871220    1336726779
221    652622    40.746483    -74.001301    1337209484
221    573561    40.761527    -74.000217    1337581711
221    233    40.745104    -73.982484    1337603747
221    573561    40.761527    -74.000217    1337677356
221    728376    40.747462    -73.993072    1339605163
221    573561    40.761527    -74.000217    1339616834
221    728376    40.747462    -73.993072    1341235746
221    655677    40.760736    -73.998707    1341389898
221    222620    40.762617    -73.993360    1341398058
221    573561    40.761527    -74.000217    1341480207
221    728376    40.747462    -73.993072    1341489575
221    1655630    40.780601    -73.916863    1341757538
221    728376    40.747462    -73.993072    1341830780
221    1181138    40.762351    -74.003448    1341947115
221    728376    40.747462    -73.993072    1342023571
221    573561    40.761527    -74.000217    1342218462
221    292755    40.761820    -74.000991    1342222093
221    573561    40.761527    -74.000217    1342379947
221    728376    40.747462    -73.993072    1342444896
221    573561    40.761527    -74.000217    1342609793
221    1496297    40.756905    -73.993560    1343428537
221    573561    40.761527    -74.000217    1344156476
221    728376    40.747462    -73.993072    1344515387
221    1925707    40.776271    -74.019440    1346892824
221    1469624    40.755661    -73.980947    1350067305
221    2019048    40.742900    -73.993521    1350391944
221    2019048    40.742900    -73.993521    1350994089
221    573561    40.761527    -74.000217    1351040576
221    1925707    40.776271    -74.019440    1351128131
221    25927    40.760231    -73.995121    1351204299
221    1374248    40.787820    -73.791046    1351461227
221    1345900    40.791558    -73.963836    1351594672
221    573561    40.761527    -74.000217    1352102498
221    2019048    40.742900    -73.993521    1353076277
221    2272920    40.762539    -74.000633    1353230153
221    2019048    40.742900    -73.993521    1353328525
221    573561    40.761527    -74.000217    1353399365
221    2019048    40.742900    -73.993521    1353431137
221    2290135    40.744027    -73.998438    1353460797
221    2290135    40.744027    -73.998438    1353994678
221    2019048    40.742900    -73.993521    1354541911
221    2019048    40.742900    -73.993521    1354734437
221    2290135    40.744027    -73.998438    1354756585
221    746560    40.756115    -73.992706    1354891985
221    2467627    40.788400    -73.785203    1355358471
221    573561    40.761527    -74.000217    1355388328
221    234567    40.754677    -73.974489    1355846348
221    1258067    40.760645    -73.990998    1357319262
221    2019048    40.742900    -73.993521    1357913247
221    2672853    40.781461    -73.982943    1358099240
221    746560    40.756115    -73.992706    1358369721
221    217787    40.756534    -73.994214    1358373612
221    573561    40.761527    -74.000217    1358410595
221    2019048    40.742900    -73.993521    1358445738
221    781773    40.759815    -73.992056    1358805285
221    2599176    40.749661    -73.950904    1359151565
221    573561    40.761527    -74.000217    1359188158
221    2272920    40.762539    -74.000633    1359834623
221    21678    40.758816    -73.978621    1360053411
221    2019048    40.742900    -73.993521    1360059596
221    2019048    40.742900    -73.993521    1360603525
221    2019048    40.742900    -73.993521    1360695069
221    573561    40.761527    -74.000217    1361103837
221    756    40.742608    -73.992705    1361715353
221    2944053    40.756865    -73.993497    1362492100
221    2019048    40.742900    -73.993521    1363087494
221    731169    40.762996    -73.983080    1363191995
221    1546304    40.759789    -73.995251    1364991336
221    2019048    40.742900    -73.993521    1365077482
221    233    40.745104    -73.982484    1365685166
221    7414    40.749628    -73.994805    1365772496
221    2161293    40.745050    -73.991322    1365792050
221    1864978    40.762333    -73.997433    1366108725
221    3186243    40.747502    -73.993117    1366293492
221    455746    40.761528    -74.000237    1366380418
221    2019048    40.742900    -73.993521    1366916415
221    233    40.745104    -73.982484    1367936840
221    2672853    40.781461    -73.982943    1368045955
221    1000972    40.761316    -74.000733    1368435371
221    2019048    40.742900    -73.993521    1369842986
221    539426    40.840535    -73.941207    1370025746
221    1925707    40.776271    -74.019440    1370235330
221    330465    40.747107    -73.993405    1373381745
221    164472    40.877683    -73.922195    1375648715
221    2019048    40.742900    -73.993521    1375726100
236    10560    40.774562    -73.972664    1334084083
236    8349    40.756490    -73.986268    1334179050
253    23685    40.736314    -73.863503    1333482625
253    77423    40.737645    -73.934584    1333528885
253    83995    40.697052    -73.934808    1333533086
253    23685    40.736314    -73.863503    1333548757
253    103249    40.733159    -73.871539    1333549927
253    108136    40.733147    -73.863061    1333565201
253    23685    40.736314    -73.863503    1333567354
253    154991    40.731197    -73.862130    1333806708
253    167209    40.737403    -73.861700    1333823188
253    176785    40.730270    -73.863606    1333836237
253    206705    40.737229    -73.861987    1333876484
253    217573    40.710448    -73.865740    1333895104
253    220894    40.738694    -73.860511    1333902226
253    234076    40.717933    -73.944930    1333963733
253    234653    40.715300    -73.944536    1333964446
253    241279    40.708524    -73.958446    1333973523
253    243356    40.714748    -73.961087    1333976530
253    14330    40.714249    -73.953760    1333980418
253    23685    40.736314    -73.863503    1333983297
253    14330    40.714249    -73.953760    1334050698
253    220894    40.738694    -73.860511    1334086745
