74535 79283
74535 54086
74535 71236
74535 54217
74535 12672
74535 93674
74535 53022
74535 90514
74535 113198
74535 179670
74535 185728
74535 185728
99732 93674
99732 53022
99732 106707
99732 96449
99732 101451
99732 12672
99732 42494
99732 14645
99732 12672
99732 231644
99732 211473
99732 155799
99732 242212
99732 261736
99732 179670
99732 177713
99732 111078
99732 30084
79283 74535
79283 54086
79283 71236
79283 54217
79283 12672
79283 93674
79283 53022
79283 27571
79283 13982
79283 116227
79283 80994
79283 218202
79283 90768
79283 145247
79283 11600
79283 143536
79283 261736
79283 130856
79283 209214
79283 43411
79283 250104
79283 138387
79283 95385
79283 110145
79283 4764
54086 74535
54086 79283
54086 71236
54086 54217
54086 12672
54086 93674
54086 53022
54086 68731
54086 138387
54086 48806
54086 16364
54086 11338
54086 126124
54086 6852
54086 12410
54086 68870
54086 3160
54086 52645
54086 106707
54086 59644
54086 12672
71236 74535
71236 79283
71236 54086
71236 54217
71236 12672
71236 93674
71236 53022
71236 53022
71236 101042
71236 24542
71236 90514
71236 90514
71236 185728
54217 74535
54217 79283
54217 54086
54217 71236
54217 12672
54217 93674
54217 53022
54217 80208
54217 68731
54217 38655
54217 12672
54217 30731
54217 129423
54217 54479
54217 156470
54217 5026
54217 113198
54217 70704
54217 54495
54217 96318
54217 59644
12672 74535
12672 79283
12672 54086
12672 71236
12672 54217
12672 93674
12672 53022
12672 182314
12672 84293
12672 61216
12672 80994
12672 163322
12672 242212
12672 111078
12672 127295
12672 38246
12672 70704
12672 42494
12672 41537
12672 49060
12672 99732
12672 101451
12672 42494
12672 99732
12672 14645
12672 231644
12672 246150
12672 211473
12672 84825
12672 80208
12672 68731
12672 38655
12672 54217
12672 30731
12672 129423
12672 54479
12672 156470
12672 5026
12672 113198
12672 70704
12672 54495
12672 96318
12672 59644
12672 93674
12672 178221
12672 71768
12672 101443
12672 68731
12672 61085
12672 79537
12672 68731
12672 11747
12672 84956
12672 101443
12672 16364
12672 93674
12672 59644
12672 184819
12672 14645
12672 129939
12672 23879
12672 13982
12672 11747
12672 100002
12672 43665
12672 70704
12672 11362
12672 54086
12672 54479
12672 13982
12672 60160
12672 11600
12672 70450
12672 230588
12672 65833
12672 68461
12672 163322
12672 231644
12672 93674
12672 126124
12672 3160
12672 39056
93674 74535
93674 99732
93674 79283
93674 54086
93674 71236
93674 54217
93674 12672
93674 53022
93674 106707
93674 143397
93674 200782
93674 42216
93674 138387
93674 48806
93674 95385
93674 16364
93674 11338
93674 126124
93674 122809
93674 3160
93674 185728
93674 90482
93674 80208
93674 68731
93674 23879
93674 242212
93674 154473
93674 127295
93674 122809
93674 3831
93674 129423
93674 156470
93674 5026
93674 46702
93674 70704
93674 54495
93674 96318
93674 59644
93674 12672
93674 178221
93674 84956
93674 101443
93674 16364
93674 12672
93674 59644
93674 38655
93674 11747
93674 58310
93674 12672
93674 231644
93674 54471
93674 3160
93674 39056
93674 143536
93674 129423
53022 74535
53022 99732
53022 79283
53022 54086
53022 71236
53022 54217
53022 12672
53022 93674
53022 106707
53022 96449
53022 71236
53022 60160
53022 51057
53022 106707
53022 90514
53022 100804
53022 60930
53022 11338
53022 121769
106707 99732
106707 93674
106707 53022
106707 96449
106707 68731
106707 54086
106707 138387
106707 48806
106707 16364
106707 11338
106707 126124
106707 6852
106707 12410
106707 68870
106707 3160
106707 52645
106707 59644
106707 84825
106707 23879
106707 155799
106707 13982
106707 65833
106707 116227
106707 80994
106707 218202
106707 137855
106707 145247
106707 38925
106707 127295
106707 119117
106707 11600
106707 79275
106707 172941
106707 143536
106707 261736
106707 248401
106707 130856
106707 76246
106707 209214
106707 43411
106707 250104
106707 96449
106707 4764
106707 13982
106707 80208
106707 68731
106707 16364
106707 10151
106707 129939
106707 85087
106707 80994
106707 43411
106707 85087
106707 155799
106707 13982
106707 10151
106707 137609
106707 60160
106707 53022
106707 90514
106707 100804
106707 60930
106707 107656
106707 121769
106707 11338
106707 86151
106707 11600
106707 172941
106707 42494
106707 234705
106707 39056
106707 211473
106707 10151
106707 185728
96449 99732
96449 53022
96449 106707
96449 84825
96449 23879
96449 155799
96449 65833
96449 116227
96449 80994
96449 125330
96449 218202
96449 137855
96449 145247
96449 38925
96449 127295
96449 119117
96449 11600
96449 79275
96449 172941
96449 143536
96449 261736
96449 248401
96449 130856
96449 76246
96449 209214
96449 79537
96449 43411
96449 250104
96449 106707
96449 4764
96449 95115
96449 85881
96449 184819
96449 218202
96449 95385
96449 100002
96449 145247
96449 85226
96449 43665
96449 175315
96449 97366
96449 134286
96449 21644
96449 248401
96449 18984
96449 43411
96449 24026
96449 111225
90514 74535
90514 71236
90514 101042
90514 24542
90514 71236
90514 51057
90514 53022
90514 178221
90514 106707
90514 100804
90514 60930
90514 60430
90514 185728
80994 242212
80994 231644
80994 60430
80994 43411
80994 111225
80994 84293
80994 61216
80994 242212
80994 12672
80994 127295
80994 30084
80994 209214
80994 41537
80994 84825
80994 27571
80994 79283
80994 23879
80994 13982
80994 65833
80994 116227
80994 218202
80994 90768
80994 137855
80994 145247
80994 38925
80994 127295
80994 119117
80994 11600
80994 79275
80994 143536
80994 261736
80994 248401
80994 130856
80994 76246
80994 209214
80994 43411
80994 250104
80994 106707
80994 96449
80994 4764
80994 14645
80994 60930
80994 43411
80994 106707
80994 46023
80994 61216
80994 209214
242212 80994
242212 231644
242212 60430
242212 43411
242212 111225
242212 84293
242212 61216
242212 80994
242212 12672
242212 127295
242212 30084
242212 209214
242212 41537
242212 99732
242212 261736
242212 84956
242212 23879
242212 154473
242212 135088
242212 97366
242212 127295
242212 122809
242212 30084
242212 93674
242212 3831
242212 246150
242212 209214
242212 46702
242212 222025
242212 11362
231644 80994
231644 242212
231644 60430
231644 43411
231644 179670
231644 111225
231644 99732
231644 14645
231644 12672
231644 211473
231644 96695
231644 154473
231644 86151
231644 185629
231644 42494
231644 163322
231644 12672
231644 93674
231644 54471
60430 80994
60430 242212
60430 231644
60430 43411
60430 111225
60430 24026
60430 185728
60430 185728
60430 90514
113198 74535
113198 179670
113198 68731
113198 65833
113198 95385
113198 6852
113198 21644
113198 121769
113198 15292
113198 42494
113198 80208
113198 68731
113198 38655
113198 54217
113198 12672
113198 30731
113198 129423
113198 54479
113198 156470
113198 5026
113198 70704
113198 54495
113198 96318
113198 59644
113198 21644
43411 80994
43411 242212
43411 231644
43411 60430
43411 111225
43411 84825
43411 27571
43411 79283
43411 23879
43411 13982
43411 65833
43411 116227
43411 80994
43411 218202
43411 90768
43411 137855
43411 145247
43411 38925
43411 127295
43411 11600
43411 79275
43411 143536
43411 261736
43411 248401
43411 130856
43411 209214
43411 250104
43411 106707
43411 96449
43411 4764
43411 95115
43411 85881
43411 184819
43411 218202
43411 95385
43411 100002
43411 145247
43411 43665
43411 175315
43411 97366
43411 134286
43411 21644
43411 248401
43411 111225
43411 96449
43411 80994
43411 106707
43411 46023
43411 51057
43411 218202
179670 74535
179670 231644
179670 113198
179670 99732
179670 38655
179670 155799
179670 16364
179670 11600
179670 54479
179670 96318
179670 177713
179670 84293
179670 3176
179670 60930
179670 101451
179670 16364
179670 174152
179670 126124
179670 6852
179670 137609
179670 39056
111225 80994
111225 242212
111225 231644
111225 60430
111225 43411
111225 95115
111225 85881
111225 184819
111225 218202
111225 95385
111225 100002
111225 145247
111225 43665
111225 175315
111225 97366
111225 134286
111225 21644
111225 248401
111225 43411
111225 96449
111225 218857
111225 184819
111225 14645
111225 129939
111225 23879
111225 125330
111225 100002
111225 43665
111225 48552
111225 192489
111225 11362
111225 60930
185728 74535
185728 74535
185728 143397
185728 200782
185728 42216
185728 95385
185728 100002
185728 122809
185728 93674
185728 79537
185728 90482
185728 71236
185728 163322
185728 60430
185728 60430
185728 90514
185728 106707
182314 84293
182314 61216
182314 163322
182314 111078
182314 12672
182314 127295
182314 38246
182314 70704
182314 42494
182314 41537
182314 49060
182314 60422
182314 30731
182314 126124
84293 182314
84293 61216
84293 80994
84293 163322
84293 242212
84293 111078
84293 12672
84293 127295
84293 38246
84293 42494
84293 41537
84293 179670
84293 60930
61216 182314
61216 84293
61216 80994
61216 163322
61216 242212
61216 111078
61216 12672
61216 127295
61216 30084
61216 38246
61216 42494
61216 41537
61216 11600
61216 234705
61216 80994
163322 182314
163322 84293
163322 61216
163322 111078
163322 12672
163322 38246
163322 70704
163322 42494
163322 41537
163322 49060
163322 185728
163322 10151
163322 12672
163322 231644
111078 182314
111078 84293
111078 61216
111078 163322
111078 12672
111078 38246
111078 70704
111078 42494
111078 41537
111078 49060
111078 99732
111078 84825
111078 59644
127295 182314
127295 84293
127295 61216
127295 80994
127295 242212
127295 12672
127295 30084
127295 209214
127295 41537
127295 84825
127295 23879
127295 155799
127295 65833
127295 116227
127295 80994
127295 125330
127295 218202
127295 137855
127295 145247
127295 38925
127295 119117
127295 11600
127295 79275
127295 172941
127295 107656
127295 143536
127295 261736
127295 248401
127295 130856
127295 76246
127295 209214
127295 79537
127295 43411
127295 250104
127295 106707
127295 96449
127295 4764
127295 84825
127295 101451
127295 95385
127295 134286
127295 68461
127295 15292
127295 137609
127295 60930
127295 84956
127295 23879
127295 242212
127295 154473
127295 135088
127295 122809
127295 30084
127295 93674
127295 3831
127295 246150
127295 209214
127295 46702
127295 96695
127295 39056
30084 61216
30084 80994
30084 242212
30084 127295
30084 209214
30084 99732
30084 84956
30084 23879
30084 242212
30084 154473
30084 135088
30084 97366
30084 127295
30084 3831
30084 246150
30084 209214
30084 46702
38246 182314
38246 84293
38246 61216
38246 163322
38246 111078
38246 12672
38246 70704
38246 42494
38246 41537
38246 49060
38246 96318
209214 80994
209214 242212
209214 127295
209214 30084
209214 84825
209214 27571
209214 79283
209214 13982
209214 65833
209214 116227
209214 80994
209214 218202
209214 90768
209214 137855
209214 145247
209214 38925
209214 127295
209214 11600
209214 79275
209214 143536
209214 261736
209214 248401
209214 130856
209214 43411
209214 250104
209214 106707
209214 96449
209214 84956
209214 242212
209214 135088
209214 97366
209214 127295
209214 30084
209214 3831
209214 246150
209214 46702
209214 48552
209214 54471
209214 80994
70704 182314
70704 163322
70704 111078
70704 12672
70704 38246
70704 42494
70704 41537
70704 49060
70704 80208
70704 68731
70704 38655
70704 54217
70704 12672
70704 30731
70704 93674
70704 129423
70704 54479
70704 156470
70704 5026
70704 113198
70704 54495
70704 96318
70704 59644
70704 13982
70704 11747
70704 12672
70704 85087
42494 182314
42494 84293
42494 61216
42494 163322
42494 111078
42494 12672
42494 38246
42494 70704
42494 41537
42494 49060
42494 99732
42494 12672
42494 80208
42494 96695
42494 23879
42494 155799
42494 93527
42494 51057
42494 125330
42494 49731
42494 95385
42494 69001
42494 30731
42494 119117
42494 172941
42494 107656
42494 68870
42494 101042
42494 87731
42494 5026
42494 76246
42494 79537
42494 144338
42494 9250
42494 4764
42494 68731
42494 101451
42494 65833
42494 95385
42494 6852
42494 21644
42494 121769
42494 68461
42494 113198
42494 15292
42494 96695
42494 231644
42494 143536
42494 6852
42494 172941
42494 107656
42494 106707
41537 182314
41537 84293
41537 61216
41537 80994
41537 163322
41537 242212
41537 111078
41537 12672
41537 127295
41537 38246
41537 70704
41537 42494
41537 51057
41537 6852
41537 79537
49060 182314
49060 163322
49060 111078
49060 12672
49060 38246
49060 70704
49060 42494
49060 11600
49060 18984
49060 122023
60422 182314
60422 30731
60422 126124
30731 182314
30731 60422
30731 126124
30731 80208
30731 96695
30731 155799
30731 93527
30731 51057
30731 125330
30731 49731
30731 95385
30731 69001
30731 172941
30731 107656
30731 68870
30731 101042
30731 87731
30731 5026
30731 79537
30731 144338
30731 42494
30731 9250
30731 80208
30731 68731
30731 38655
30731 54217
30731 12672
30731 129423
30731 54479
30731 156470
30731 5026
30731 113198
30731 70704
30731 54495
30731 96318
30731 59644
30731 84956
30731 145247
30731 12410
126124 182314
126124 60422
126124 30731
126124 68731
126124 200782
126124 42216
126124 54086
126124 138387
126124 48806
126124 95385
126124 16364
126124 11338
126124 6852
126124 122809
126124 12410
126124 68870
126124 3160
126124 93674
126124 52645
126124 106707
126124 59644
126124 12672
126124 6852
126124 179670
126124 137609
218202 250104
218202 84825
218202 27571
218202 79283
218202 23879
218202 13982
218202 65833
218202 116227
218202 80994
218202 90768
218202 137855
218202 145247
218202 38925
218202 127295
218202 119117
218202 11600
218202 79275
218202 143536
218202 261736
218202 248401
218202 130856
218202 76246
218202 209214
218202 43411
218202 250104
218202 106707
218202 96449
218202 4764
218202 95115
218202 85881
218202 184819
218202 95385
218202 100002
218202 145247
218202 85226
218202 43665
218202 175315
218202 97366
218202 134286
218202 21644
218202 248401
218202 43411
218202 24026
218202 111225
218202 96449
218202 43411
250104 218202
250104 84825
250104 27571
250104 79283
250104 23879
250104 13982
250104 65833
250104 116227
250104 80994
250104 218202
250104 90768
250104 137855
250104 145247
250104 38925
250104 127295
250104 119117
250104 11600
250104 79275
250104 143536
250104 261736
250104 248401
250104 130856
250104 76246
250104 209214
250104 43411
250104 106707
250104 96449
250104 4764
143397 200782
143397 42216
143397 95385
143397 100002
143397 122809
143397 93674
143397 79537
143397 185728
143397 90482
143397 12410
68731 54086
68731 138387
68731 48806
68731 16364
68731 11338
68731 126124
68731 6852
68731 12410
68731 68870
68731 3160
68731 52645
68731 106707
68731 59644
68731 65833
68731 95385
68731 6852
68731 21644
68731 121769
68731 113198
68731 15292
68731 42494
68731 80208
68731 38655
68731 54217
68731 12672
68731 30731
68731 93674
68731 129423
68731 54479
68731 156470
68731 5026
68731 113198
68731 70704
68731 54495
68731 96318
68731 59644
68731 47095
68731 21644
68731 13982
68731 218857
68731 184819
68731 51057
68731 154473
68731 11600
68731 12410
68731 16364
68731 10151
68731 106707
68731 11747
68731 16364
68731 12672
68731 61085
68731 79537
68731 107656
68731 71768
68731 12672
68731 70450
68731 137609
200782 143397
200782 42216
200782 95385
200782 11338
200782 126124
200782 122809
200782 93674
200782 185728
200782 90482
42216 143397
42216 200782
42216 138387
42216 48806
42216 95385
42216 16364
42216 11338
42216 126124
42216 122809
42216 3160
42216 93674
42216 185728
42216 90482
42216 230588
138387 68731
138387 42216
138387 54086
138387 48806
138387 16364
138387 11338
138387 126124
138387 6852
138387 122809
138387 12410
138387 68870
138387 3160
138387 93674
138387 52645
138387 106707
138387 59644
138387 79283
138387 95385
138387 110145
138387 4764
48806 68731
48806 42216
48806 54086
48806 138387
48806 16364
48806 11338
48806 126124
48806 6852
48806 122809
48806 12410
48806 68870
48806 3160
48806 93674
48806 52645
48806 106707
48806 59644
48806 67544
48806 121769
48806 60930
95385 143397
95385 200782
95385 42216
95385 11338
95385 126124
95385 122809
95385 93674
95385 185728
95385 90482
95385 80208
95385 96695
95385 23879
95385 155799
95385 93527
95385 51057
95385 125330
95385 49731
95385 69001
95385 30731
95385 119117
95385 172941
95385 107656
95385 68870
95385 101042
95385 87731
95385 5026
95385 76246
95385 79537
95385 144338
95385 42494
95385 9250
95385 4764
95385 84825
95385 68731
95385 101451
95385 65833
95385 134286
95385 6852
95385 127295
95385 21644
95385 121769
95385 68461
95385 113198
95385 15292
95385 137609
95385 42494
95385 95115
95385 85881
95385 184819
95385 218202
95385 100002
95385 145247
95385 85226
95385 43665
95385 175315
95385 97366
95385 134286
95385 21644
95385 248401
95385 43411
95385 24026
95385 111225
95385 96449
95385 79283
95385 138387
95385 110145
95385 10151
95385 4764
95385 129939
95385 101443
95385 39056
95385 121769
95385 10151
95385 13442
100002 143397
100002 79537
100002 185728
100002 90482
100002 95115
100002 85881
100002 184819
100002 218202
100002 95385
100002 145247
100002 85226
100002 43665
100002 175315
100002 97366
100002 134286
100002 21644
100002 248401
100002 43411
100002 24026
100002 111225
100002 96449
100002 3160
100002 184819
100002 14645
100002 129939
100002 23879
100002 125330
100002 43665
100002 12672
100002 11362
100002 111225
16364 68731
16364 42216
16364 54086
16364 138387
16364 48806
16364 11338
16364 126124
16364 6852
16364 122809
16364 12410
16364 68870
16364 3160
16364 93674
16364 52645
16364 106707
16364 59644
16364 38655
16364 155799
16364 11600
16364 54479
16364 179670
16364 96318
16364 177713
16364 68731
16364 10151
16364 106707
16364 68731
16364 11747
16364 84956
16364 101443
16364 12672
16364 93674
16364 59644
16364 101451
16364 101443
16364 12410
16364 179670
16364 174152
16364 71768
16364 101443
16364 101443
11338 68731
11338 200782
11338 42216
11338 54086
11338 138387
11338 48806
11338 95385
11338 16364
11338 126124
11338 6852
11338 122809
11338 12410
11338 68870
11338 3160
11338 93674
11338 52645
11338 106707
11338 59644
11338 184819
11338 137609
11338 53022
11338 86151
11338 106707
11338 67020
11338 175315
6852 68731
6852 54086
6852 138387
6852 48806
6852 16364
6852 11338
6852 126124
6852 12410
6852 68870
6852 3160
6852 52645
6852 106707
6852 59644
6852 68731
6852 65833
6852 95385
6852 21644
6852 121769
6852 113198
6852 15292
6852 42494
6852 67544
6852 41537
6852 126124
6852 179670
6852 137609
6852 107656
6852 42494
6852 100804
6852 121769
122809 143397
122809 200782
122809 42216
122809 138387
122809 48806
122809 95385
122809 16364
122809 11338
122809 126124
122809 3160
122809 93674
122809 185728
122809 90482
122809 80208
122809 84956
122809 23879
122809 242212
122809 154473
122809 127295
122809 93674
122809 3831
122809 129423
122809 156470
122809 46702
122809 54495
12410 68731
12410 54086
12410 138387
12410 48806
12410 16364
12410 11338
12410 126124
12410 6852
12410 68870
12410 3160
12410 52645
12410 106707
12410 59644
12410 143397
12410 68731
12410 11600
12410 99863
12410 3160
12410 59644
12410 84956
12410 129939
12410 145247
12410 30731
12410 101451
12410 101443
12410 16364
68870 68731
68870 54086
68870 138387
68870 48806
68870 16364
68870 11338
68870 126124
68870 6852
68870 12410
68870 3160
68870 52645
68870 106707
68870 59644
68870 80208
68870 96695
68870 155799
68870 93527
68870 51057
68870 125330
68870 49731
68870 95385
68870 69001
68870 30731
68870 119117
68870 172941
68870 107656
68870 101042
68870 87731
68870 5026
68870 76246
68870 79537
68870 144338
68870 42494
68870 9250
68870 38655
68870 13982
68870 25590
68870 62141
68870 50386
68870 131666
68870 107656
68870 18984
68870 65162
68870 96318
68870 111193
68870 100804
68870 9250
68870 4764
68870 51057
68870 51057
68870 51057
68870 101443
68870 79537
68870 69803
3160 68731
3160 42216
3160 54086
3160 138387
3160 48806
3160 16364
3160 11338
3160 126124
3160 6852
3160 122809
3160 12410
3160 68870
3160 93674
3160 52645
3160 106707
3160 59644
3160 101451
3160 5026
3160 59644
3160 99863
3160 100002
3160 12410
3160 59644
3160 70450
3160 93674
3160 12672
79537 143397
79537 100002
79537 185728
79537 90482
79537 84825
79537 80208
79537 96695
79537 23879
79537 155799
79537 93527
79537 65833
79537 51057
79537 125330
79537 49731
79537 95385
79537 69001
79537 137855
79537 30731
79537 38925
79537 127295
79537 119117
79537 79275
79537 172941
79537 107656
79537 68870
79537 248401
79537 101042
79537 87731
79537 5026
79537 76246
79537 144338
79537 42494
79537 9250
79537 96449
79537 4764
79537 68731
79537 12672
79537 61085
79537 53030
79537 21644
79537 68870
79537 41537
52645 68731
52645 54086
52645 138387
52645 48806
52645 16364
52645 11338
52645 126124
52645 6852
52645 12410
52645 68870
52645 3160
52645 106707
52645 59644
59644 68731
59644 54086
59644 138387
59644 48806
59644 16364
59644 11338
59644 126124
59644 6852
59644 12410
59644 68870
59644 3160
59644 52645
59644 106707
59644 111078
59644 80208
59644 68731
59644 38655
59644 54217
59644 12672
59644 30731
59644 93674
59644 129423
59644 54479
59644 156470
59644 5026
59644 113198
59644 70704
59644 54495
59644 96318
59644 184819
59644 101451
59644 3160
59644 5026
59644 99863
59644 12410
59644 3160
59644 84956
59644 101443
59644 16364
59644 12672
59644 93674
59644 135358
59644 111193
90482 143397
90482 200782
90482 42216
90482 95385
90482 100002
90482 122809
90482 93674
90482 79537
90482 185728
101451 99732
101451 12672
101451 84825
101451 95385
101451 134286
101451 127295
101451 121769
101451 68461
101451 15292
101451 137609
101451 42494
101451 60930
101451 3160
101451 5026
101451 59644
101451 129939
101451 154473
101451 145247
101451 101443
101451 16364
101451 12410
101451 179670
101451 230588
14645 99732
14645 12672
14645 231644
14645 246150
14645 211473
14645 218857
14645 184819
14645 129939
14645 23879
14645 125330
14645 100002
14645 43665
14645 12672
14645 11362
14645 111225
14645 80994
14645 60930
51057 122023
51057 80208
51057 96695
51057 155799
51057 93527
51057 125330
51057 49731
51057 95385
51057 69001
51057 30731
51057 119117
51057 172941
51057 107656
51057 68870
51057 101042
51057 87731
51057 5026
51057 76246
51057 79537
51057 144338
51057 42494
51057 9250
51057 68731
51057 218857
51057 154473
51057 99863
51057 81534
51057 129939
51057 69001
51057 39056
51057 53022
51057 178221
51057 90514
51057 100804
51057 60930
51057 41537
51057 21644
51057 101443
51057 68870
51057 69803
51057 68870
51057 68870
51057 43411
246150 14645
246150 12672
246150 211473
246150 84956
246150 242212
246150 135088
246150 97366
246150 127295
246150 30084
246150 209214
246150 46702
122023 51057
122023 96695
122023 49060
211473 99732
211473 14645
211473 12672
211473 231644
211473 246150
211473 175315
211473 106707
38655 155799
38655 16364
38655 11600
38655 54479
38655 179670
38655 96318
38655 177713
38655 80208
38655 68731
38655 54217
38655 12672
38655 30731
38655 129423
38655 54479
38655 156470
38655 5026
38655 113198
38655 70704
38655 54495
38655 96318
38655 59644
38655 13982
38655 25590
38655 62141
38655 50386
38655 131666
38655 107656
38655 68870
38655 18984
38655 65162
38655 96318
38655 111193
38655 100804
38655 9250
38655 4764
38655 11747
38655 93674
155799 99732
155799 38655
155799 16364
155799 11600
155799 54479
155799 179670
155799 96318
155799 177713
155799 84825
155799 80208
155799 96695
155799 23879
155799 93527
155799 65833
155799 51057
155799 125330
155799 49731
155799 95385
155799 69001
155799 137855
155799 30731
155799 38925
155799 127295
155799 119117
155799 79275
155799 172941
155799 107656
155799 68870
155799 248401
155799 101042
155799 87731
155799 5026
155799 76246
155799 79537
155799 106707
155799 144338
155799 42494
155799 9250
155799 96449
155799 4764
155799 106707
155799 156307
11600 38655
11600 155799
11600 16364
11600 54479
11600 179670
11600 96318
11600 177713
11600 84825
11600 27571
11600 79283
11600 23879
11600 13982
11600 65833
11600 116227
11600 80994
11600 218202
11600 90768
11600 137855
11600 145247
11600 38925
11600 127295
11600 119117
11600 79275
11600 143536
11600 261736
11600 248401
11600 130856
11600 76246
11600 209214
11600 43411
11600 250104
11600 106707
11600 96449
11600 4764
11600 68731
11600 61216
11600 12410
11600 71768
11600 60160
11600 12672
11600 18984
11600 49060
11600 86151
11600 172941
11600 106707
11600 234705
261736 99732
261736 242212
261736 84825
261736 27571
261736 79283
261736 23879
261736 13982
261736 65833
261736 116227
261736 80994
261736 218202
261736 90768
261736 137855
261736 145247
261736 38925
261736 127295
261736 119117
261736 11600
261736 79275
261736 143536
261736 248401
261736 130856
261736 209214
261736 43411
261736 250104
261736 106707
261736 96449
261736 4764
54479 38655
54479 155799
54479 16364
54479 11600
54479 179670
54479 96318
54479 177713
54479 143536
54479 5026
54479 80208
54479 68731
54479 38655
54479 54217
54479 12672
54479 30731
54479 129423
54479 156470
54479 5026
54479 113198
54479 70704
54479 54495
54479 96318
54479 59644
54479 12672
96318 38655
96318 155799
96318 16364
96318 11600
96318 54479
96318 179670
96318 177713
96318 80208
96318 68731
96318 38655
96318 54217
96318 12672
96318 30731
96318 93674
96318 129423
96318 54479
96318 156470
96318 5026
96318 113198
96318 70704
96318 54495
96318 59644
96318 38655
96318 13982
96318 25590
96318 62141
96318 85226
96318 50386
96318 131666
96318 107656
96318 68870
96318 18984
96318 65162
96318 24026
96318 111193
96318 100804
96318 9250
96318 4764
96318 38246
177713 99732
177713 38655
177713 155799
177713 16364
177713 11600
177713 54479
177713 179670
177713 96318
143536 54479
143536 5026
143536 84825
143536 27571
143536 79283
143536 13982
143536 65833
143536 116227
143536 80994
143536 218202
143536 90768
143536 137855
143536 145247
143536 38925
143536 127295
143536 11600
143536 79275
143536 261736
143536 248401
143536 130856
143536 209214
143536 43411
143536 250104
143536 106707
143536 96449
143536 96695
143536 42494
143536 129423
143536 93674
143536 5026
5026 143536
5026 54479
5026 80208
5026 96695
5026 155799
5026 93527
5026 51057
5026 125330
5026 49731
5026 95385
5026 69001
5026 30731
5026 119117
5026 172941
5026 107656
5026 68870
5026 101042
5026 87731
5026 76246
5026 79537
5026 144338
5026 42494
5026 9250
5026 80208
5026 68731
5026 38655
5026 54217
5026 12672
5026 30731
5026 93674
5026 129423
5026 54479
5026 156470
5026 113198
5026 70704
5026 54495
5026 96318
5026 59644
5026 101451
5026 3160
5026 59644
5026 70720
5026 13442
5026 143536
84825 23879
84825 155799
84825 65833
84825 116227
84825 80994
84825 125330
84825 218202
84825 137855
84825 145247
84825 38925
84825 127295
84825 119117
84825 11600
84825 79275
84825 172941
84825 143536
84825 261736
84825 248401
84825 130856
84825 76246
84825 209214
84825 79537
84825 43411
84825 250104
84825 106707
84825 96449
84825 4764
84825 101451
84825 95385
84825 134286
84825 127295
84825 68461
84825 137609
84825 60930
84825 13982
84825 111078
84825 12672
84825 39056
84825 101042
80208 96695
80208 155799
80208 93527
80208 51057
80208 125330
80208 49731
80208 95385
80208 69001
80208 30731
80208 119117
80208 172941
80208 107656
80208 68870
80208 101042
80208 87731
80208 5026
80208 76246
80208 79537
80208 144338
80208 42494
80208 9250
80208 68731
80208 38655
80208 54217
80208 12672
80208 30731
80208 122809
80208 93674
80208 129423
80208 54479
80208 156470
80208 5026
80208 113198
80208 70704
80208 54495
80208 96318
80208 59644
80208 60930
80208 106707
27571 79283
27571 13982
27571 116227
27571 80994
27571 218202
27571 90768
27571 145247
27571 11600
27571 143536
27571 261736
27571 130856
27571 209214
27571 43411
27571 250104
96695 80208
96695 23879
96695 155799
96695 93527
96695 51057
96695 125330
96695 49731
96695 95385
96695 69001
96695 30731
96695 119117
96695 172941
96695 107656
96695 68870
96695 101042
96695 87731
96695 5026
96695 76246
96695 79537
96695 144338
96695 42494
96695 9250
96695 4764
96695 127295
96695 122023
96695 231644
96695 143536
96695 185629
96695 42494
23879 84825
23879 96695
23879 155799
23879 65833
23879 116227
23879 80994
23879 125330
23879 49731
23879 218202
23879 95385
23879 137855
23879 145247
23879 38925
23879 127295
23879 119117
23879 11600
23879 79275
23879 172941
23879 107656
23879 261736
23879 248401
23879 130856
23879 76246
23879 79537
23879 43411
23879 250104
23879 106707
23879 42494
23879 96449
23879 4764
23879 84956
23879 242212
23879 154473
23879 135088
23879 127295
23879 122809
23879 30084
23879 93674
23879 3831
23879 156470
23879 46702
23879 184819
23879 14645
23879 129939
23879 125330
23879 100002
23879 43665
23879 12672
23879 11362
23879 111225
13982 27571
13982 79283
13982 116227
13982 80994
13982 218202
13982 90768
13982 145247
13982 11600
13982 143536
13982 261736
13982 130856
13982 209214
13982 43411
13982 250104
13982 106707
13982 84825
13982 106707
13982 68731
13982 38655
13982 25590
13982 62141
13982 85226
13982 50386
13982 131666
13982 107656
13982 68870
13982 18984
13982 65162
13982 24026
13982 96318
13982 111193
13982 100804
13982 9250
13982 4764
13982 11747
13982 12672
13982 70704
13982 10151
13982 106707
13982 137609
13982 12672
13982 236924
93527 80208
93527 96695
93527 155799
93527 51057
93527 125330
93527 49731
93527 95385
93527 69001
93527 30731
93527 172941
93527 107656
93527 68870
93527 101042
93527 87731
93527 5026
93527 76246
93527 79537
93527 144338
93527 42494
93527 9250
65833 84825
65833 23879
65833 155799
65833 116227
65833 80994
65833 125330
65833 49731
65833 218202
65833 137855
65833 145247
65833 38925
65833 127295
65833 119117
65833 11600
65833 79275
65833 172941
65833 107656
65833 143536
65833 261736
65833 248401
65833 130856
65833 76246
65833 209214
65833 79537
65833 43411
65833 250104
65833 106707
65833 96449
65833 4764
65833 68731
65833 95385
65833 6852
65833 21644
65833 121769
65833 113198
65833 15292
65833 42494
65833 12672
65833 68461
116227 84825
116227 27571
116227 79283
116227 23879
116227 13982
116227 65833
116227 80994
116227 218202
116227 90768
116227 137855
116227 145247
116227 38925
116227 127295
116227 11600
116227 79275
116227 143536
116227 261736
116227 248401
116227 130856
116227 209214
116227 43411
116227 250104
116227 106707
116227 96449
116227 4764
125330 84825
125330 80208
125330 96695
125330 23879
125330 155799
125330 93527
125330 65833
125330 51057
125330 49731
125330 95385
125330 69001
125330 137855
125330 30731
125330 127295
125330 119117
125330 79275
125330 172941
125330 107656
125330 68870
125330 101042
125330 87731
125330 5026
125330 76246
125330 79537
125330 144338
125330 42494
125330 9250
125330 96449
125330 4764
125330 218857
125330 184819
125330 14645
125330 129939
125330 23879
125330 100002
125330 43665
125330 48552
125330 192489
125330 11362
125330 111225
49731 80208
49731 96695
49731 23879
49731 155799
49731 93527
49731 65833
49731 51057
49731 125330
49731 95385
49731 69001
49731 30731
49731 119117
49731 172941
49731 107656
49731 68870
49731 101042
49731 87731
49731 5026
49731 76246
49731 79537
49731 144338
49731 42494
49731 9250
49731 4764
69001 80208
69001 96695
69001 155799
69001 93527
69001 51057
69001 125330
69001 49731
69001 95385
69001 30731
69001 172941
69001 107656
69001 68870
69001 101042
69001 87731
69001 5026
69001 79537
69001 144338
69001 42494
69001 9250
69001 129939
69001 51057
90768 27571
90768 79283
90768 13982
90768 116227
90768 80994
90768 218202
90768 145247
90768 11600
90768 143536
90768 261736
90768 130856
90768 209214
90768 43411
90768 250104
137855 84825
137855 23879
137855 155799
137855 65833
137855 116227
137855 80994
137855 125330
137855 218202
137855 145247
137855 38925
137855 127295
137855 119117
137855 11600
137855 79275
137855 172941
137855 143536
137855 261736
137855 248401
137855 130856
137855 76246
137855 209214
137855 79537
137855 43411
137855 250104
137855 106707
137855 96449
137855 4764
145247 84825
145247 27571
145247 79283
145247 23879
145247 13982
145247 65833
145247 116227
145247 80994
145247 218202
145247 90768
145247 137855
145247 38925
145247 127295
145247 11600
145247 79275
145247 143536
145247 261736
145247 248401
145247 130856
145247 209214
145247 43411
145247 250104
145247 106707
145247 96449
145247 4764
145247 95115
145247 85881
145247 184819
145247 218202
145247 95385
145247 100002
145247 85226
145247 43665
145247 175315
145247 97366
145247 134286
145247 21644
145247 248401
145247 43411
145247 24026
145247 111225
145247 96449
145247 84956
145247 129939
145247 101451
145247 30731
145247 12410
38925 84825
38925 23879
38925 155799
38925 65833
38925 116227
38925 80994
38925 218202
38925 137855
38925 145247
38925 127295
38925 119117
38925 11600
38925 79275
38925 172941
38925 143536
38925 261736
38925 248401
38925 130856
38925 76246
38925 209214
38925 79537
38925 43411
38925 250104
38925 106707
38925 96449
38925 4764
119117 84825
119117 80208
119117 96695
119117 23879
119117 155799
119117 65833
119117 51057
119117 80994
119117 125330
119117 49731
119117 218202
119117 95385
119117 137855
119117 38925
119117 127295
119117 11600
119117 79275
119117 172941
119117 107656
119117 68870
119117 261736
119117 248401
119117 87731
119117 5026
119117 76246
119117 79537
119117 250104
119117 106707
119117 144338
119117 42494
119117 96449
119117 4764
79275 84825
79275 23879
79275 155799
79275 65833
79275 116227
79275 80994
79275 125330
79275 218202
79275 137855
79275 145247
79275 38925
79275 127295
79275 119117
79275 11600
79275 172941
79275 143536
79275 261736
79275 248401
79275 130856
79275 76246
79275 209214
79275 79537
79275 43411
79275 250104
79275 106707
79275 96449
79275 4764
172941 84825
172941 80208
172941 96695
172941 23879
172941 155799
172941 93527
172941 65833
172941 51057
172941 125330
172941 49731
172941 95385
172941 69001
172941 137855
172941 30731
172941 38925
172941 127295
172941 119117
172941 79275
172941 107656
172941 68870
172941 248401
172941 101042
172941 87731
172941 5026
172941 76246
172941 79537
172941 106707
172941 144338
172941 42494
172941 9250
172941 96449
172941 4764
172941 81534
172941 11600
172941 106707
172941 42494
172941 234705
107656 80208
107656 96695
107656 23879
107656 155799
107656 93527
107656 65833
107656 51057
107656 125330
107656 49731
107656 95385
107656 69001
107656 30731
107656 127295
107656 119117
107656 172941
107656 68870
107656 101042
107656 87731
107656 5026
107656 76246
107656 79537
107656 144338
107656 42494
107656 9250
107656 4764
107656 68731
107656 38655
107656 13982
107656 25590
107656 62141
107656 85226
107656 50386
107656 131666
107656 68870
107656 18984
107656 65162
107656 24026
107656 96318
107656 111193
107656 100804
107656 9250
107656 4764
107656 218857
107656 71768
107656 121769
107656 106707
107656 71768
107656 6852
107656 42494
248401 84825
248401 23879
248401 155799
248401 65833
248401 116227
248401 80994
248401 218202
248401 137855
248401 145247
248401 38925
248401 127295
248401 119117
248401 11600
248401 79275
248401 172941
248401 143536
248401 261736
248401 130856
248401 76246
248401 209214
248401 79537
248401 43411
248401 250104
248401 106707
248401 96449
248401 4764
248401 95115
248401 85881
248401 184819
248401 218202
248401 95385
248401 100002
248401 145247
248401 175315
248401 97366
248401 134286
248401 21644
248401 43411
248401 111225
248401 96449
130856 84825
130856 27571
130856 79283
130856 23879
130856 13982
130856 65833
130856 116227
130856 80994
130856 218202
130856 90768
130856 137855
130856 145247
130856 38925
130856 127295
130856 11600
130856 79275
130856 143536
130856 261736
130856 248401
130856 209214
130856 43411
130856 250104
130856 106707
130856 96449
130856 4764
101042 80208
101042 96695
101042 155799
101042 93527
101042 51057
101042 125330
101042 49731
101042 95385
101042 69001
101042 30731
101042 172941
101042 107656
101042 68870
101042 87731
101042 5026
101042 79537
101042 144338
101042 42494
101042 9250
101042 84825
101042 39056
101042 71236
101042 24542
101042 90514
87731 80208
87731 96695
87731 155799
87731 93527
87731 51057
87731 125330
87731 49731
87731 95385
87731 69001
87731 30731
87731 119117
87731 172941
87731 107656
87731 68870
87731 101042
87731 5026
87731 76246
87731 79537
87731 144338
87731 42494
87731 9250
76246 84825
76246 80208
76246 96695
76246 23879
76246 155799
76246 93527
76246 65833
76246 51057
76246 80994
76246 125330
76246 49731
76246 218202
76246 95385
76246 137855
76246 38925
76246 127295
76246 119117
76246 11600
76246 79275
76246 172941
76246 107656
76246 68870
76246 248401
76246 87731
76246 5026
76246 79537
76246 250104
76246 106707
76246 144338
76246 42494
76246 96449
76246 4764
144338 80208
144338 96695
144338 155799
144338 93527
144338 51057
144338 125330
144338 49731
144338 95385
144338 69001
144338 30731
144338 119117
144338 172941
144338 107656
144338 68870
144338 101042
144338 87731
144338 5026
144338 76246
144338 79537
144338 42494
144338 9250
144338 10151
9250 80208
9250 96695
9250 155799
9250 93527
9250 51057
9250 125330
9250 49731
9250 95385
9250 69001
9250 30731
9250 172941
9250 107656
9250 68870
9250 101042
9250 87731
9250 5026
9250 79537
9250 144338
9250 42494
9250 38655
9250 13982
9250 25590
9250 62141
9250 50386
9250 131666
9250 107656
9250 68870
9250 18984
9250 65162
9250 96318
9250 111193
9250 100804
9250 4764
4764 84825
4764 96695
4764 23879
4764 155799
4764 65833
4764 116227
4764 80994
4764 125330
4764 49731
4764 218202
4764 95385
4764 137855
4764 145247
4764 38925
4764 127295
4764 119117
4764 11600
4764 79275
4764 172941
4764 107656
4764 261736
4764 248401
4764 130856
4764 76246
4764 79537
4764 43411
4764 250104
4764 106707
4764 42494
4764 96449
4764 38655
4764 13982
4764 25590
4764 62141
4764 85226
4764 50386
4764 131666
4764 107656
4764 68870
4764 18984
4764 65162
4764 24026
4764 96318
4764 111193
4764 100804
4764 9250
4764 79283
4764 138387
4764 95385
4764 110145
134286 84825
134286 101451
134286 95385
134286 127295
134286 68461
134286 137609
134286 60930
134286 95115
134286 85881
134286 184819
134286 218202
134286 95385
134286 100002
134286 145247
134286 85226
134286 43665
134286 175315
134286 97366
134286 21644
134286 248401
134286 18984
134286 43411
134286 24026
134286 111225
134286 96449
21644 68731
21644 65833
21644 95385
21644 6852
21644 121769
21644 113198
21644 15292
21644 42494
21644 68731
21644 95115
21644 85881
21644 184819
21644 218202
21644 95385
21644 100002
21644 145247
21644 85226
21644 43665
21644 175315
21644 97366
21644 134286
21644 248401
21644 43411
21644 24026
21644 111225
21644 96449
21644 85881
21644 67544
21644 51057
21644 113198
21644 79537
121769 68731
121769 101451
121769 65833
121769 95385
121769 6852
121769 21644
121769 113198
121769 15292
121769 42494
121769 107656
121769 106707
121769 48806
121769 95385
121769 39056
121769 6852
121769 53022
68461 84825
68461 101451
68461 95385
68461 134286
68461 127295
68461 15292
68461 137609
68461 42494
68461 60930
68461 65833
68461 12672
15292 68731
15292 101451
15292 65833
15292 95385
15292 6852
15292 127295
15292 21644
15292 121769
15292 68461
15292 113198
15292 42494
137609 84825
137609 101451
137609 95385
137609 134286
137609 127295
137609 68461
137609 60930
137609 68731
137609 70450
137609 106707
137609 13982
137609 11338
137609 126124
137609 6852
137609 179670
137609 10151
60930 84825
60930 101451
60930 134286
60930 127295
60930 68461
60930 137609
60930 80208
60930 14645
60930 80994
60930 84293
60930 3176
60930 179670
60930 60160
60930 51057
60930 53022
60930 106707
60930 90514
60930 100804
60930 48806
60930 135088
60930 100804
60930 111225
39056 84825
39056 101042
39056 184819
39056 129939
39056 51057
39056 95385
39056 121769
39056 13442
39056 93674
39056 12672
39056 127295
39056 179670
39056 106707
84956 23879
84956 242212
84956 154473
84956 135088
84956 97366
84956 127295
84956 122809
84956 30084
84956 3831
84956 246150
84956 209214
84956 46702
84956 101443
84956 16364
84956 12672
84956 93674
84956 59644
84956 145247
84956 30731
84956 12410
84956 89958
84956 71768
154473 84956
154473 23879
154473 242212
154473 135088
154473 127295
154473 122809
154473 30084
154473 93674
154473 3831
154473 156470
154473 46702
154473 68731
154473 218857
154473 184819
154473 51057
154473 129939
154473 101451
154473 86151
154473 231644
154473 185629
135088 84956
135088 23879
135088 242212
135088 154473
135088 97366
135088 127295
135088 30084
135088 3831
135088 246150
135088 209214
135088 46702
135088 60930
97366 84956
97366 242212
97366 135088
97366 30084
97366 246150
97366 209214
97366 46702
97366 95115
97366 85881
97366 184819
97366 218202
97366 95385
97366 100002
97366 145247
97366 43665
97366 175315
97366 134286
97366 21644
97366 248401
97366 43411
97366 111225
97366 96449
3831 84956
3831 23879
3831 242212
3831 154473
3831 135088
3831 127295
3831 122809
3831 30084
3831 93674
3831 209214
3831 46702
129423 80208
129423 68731
129423 38655
129423 54217
129423 12672
129423 30731
129423 122809
129423 93674
129423 54479
129423 156470
129423 5026
129423 113198
129423 70704
129423 54495
129423 96318
129423 59644
129423 143536
129423 93674
156470 80208
156470 68731
156470 23879
156470 38655
156470 54217
156470 154473
156470 12672
156470 30731
156470 122809
156470 93674
156470 129423
156470 54479
156470 5026
156470 113198
156470 70704
156470 54495
156470 96318
156470 59644
46702 84956
46702 23879
46702 242212
46702 154473
46702 135088
46702 97366
46702 127295
46702 122809
46702 30084
46702 93674
46702 3831
46702 246150
46702 209214
54495 80208
54495 68731
54495 38655
54495 54217
54495 12672
54495 30731
54495 122809
54495 93674
54495 129423
54495 54479
54495 156470
54495 5026
54495 113198
54495 70704
54495 96318
54495 59644
47095 68731
178221 12672
178221 93674
178221 51057
178221 90514
218857 68731
218857 51057
218857 154473
218857 14645
218857 125330
218857 48552
218857 192489
218857 11362
218857 111225
218857 71768
218857 107656
218857 50001
184819 68731
184819 154473
184819 59644
184819 95115
184819 85881
184819 218202
184819 95385
184819 100002
184819 145247
184819 85226
184819 43665
184819 175315
184819 97366
184819 134286
184819 21644
184819 248401
184819 43411
184819 24026
184819 111225
184819 96449
184819 14645
184819 129939
184819 23879
184819 125330
184819 100002
184819 43665
184819 12672
184819 11362
184819 111225
184819 39056
184819 11338
234705 61216
234705 11600
234705 172941
234705 106707
71768 101443
71768 12672
71768 68731
71768 11600
71768 84956
71768 218857
71768 107656
71768 129939
71768 129939
71768 16364
71768 107656
101443 71768
101443 12672
101443 84956
101443 16364
101443 12672
101443 93674
101443 59644
101443 101451
101443 16364
101443 12410
101443 51057
101443 95385
101443 68870
101443 236924
101443 69803
101443 16364
101443 16364
10151 68731
10151 16364
10151 106707
10151 95385
10151 110145
10151 144338
10151 13982
10151 106707
10151 163322
10151 95385
10151 106707
10151 137609
11747 68731
11747 16364
11747 12672
11747 13982
11747 12672
11747 70704
11747 38655
11747 93674
61085 68731
61085 12672
61085 79537
70450 68731
70450 137609
70450 3160
70450 12672
70450 230588
68862 100804
100804 68862
100804 38655
100804 13982
100804 25590
100804 62141
100804 85226
100804 50386
100804 131666
100804 107656
100804 68870
100804 18984
100804 65162
100804 24026
100804 96318
100804 111193
100804 9250
100804 4764
100804 60160
100804 51057
100804 53022
100804 106707
100804 90514
100804 60930
100804 6852
100804 60930
95115 85881
95115 184819
95115 218202
95115 95385
95115 100002
95115 145247
95115 85226
95115 43665
95115 175315
95115 97366
95115 134286
95115 21644
95115 248401
95115 43411
95115 24026
95115 111225
95115 96449
85881 95115
85881 184819
85881 218202
85881 95385
85881 100002
85881 145247
85881 85226
85881 43665
85881 175315
85881 97366
85881 134286
85881 21644
85881 248401
85881 43411
85881 24026
85881 111225
85881 96449
85881 21644
25590 38655
25590 13982
25590 62141
25590 85226
25590 50386
25590 131666
25590 107656
25590 68870
25590 18984
25590 65162
25590 24026
25590 96318
25590 111193
25590 100804
25590 9250
25590 4764
62141 38655
62141 13982
62141 25590
62141 50386
62141 131666
62141 107656
62141 68870
62141 18984
62141 65162
62141 96318
62141 111193
62141 100804
62141 9250
62141 4764
85226 95115
85226 85881
85226 184819
85226 13982
85226 25590
85226 218202
85226 95385
85226 100002
85226 145247
85226 43665
85226 175315
85226 134286
85226 50386
85226 131666
85226 21644
85226 107656
85226 18984
85226 65162
85226 24026
85226 96318
85226 100804
85226 96449
85226 4764
43665 95115
43665 85881
43665 184819
43665 218202
43665 95385
43665 100002
43665 145247
43665 85226
43665 175315
43665 97366
43665 134286
43665 131666
43665 21644
43665 18984
43665 43411
43665 24026
43665 111225
43665 96449
43665 184819
43665 14645
43665 129939
43665 23879
43665 125330
43665 100002
43665 12672
43665 11362
43665 111225
43665 34415
175315 95115
175315 85881
175315 184819
175315 218202
175315 95385
175315 100002
175315 145247
175315 85226
175315 43665
175315 97366
175315 134286
175315 21644
175315 248401
175315 43411
175315 24026
175315 111225
175315 96449
175315 11338
175315 211473
50386 38655
50386 13982
50386 25590
50386 62141
50386 85226
50386 131666
50386 107656
50386 68870
50386 18984
50386 65162
50386 24026
50386 96318
50386 111193
50386 100804
50386 9250
50386 4764
131666 38655
131666 13982
131666 25590
131666 62141
131666 85226
131666 43665
131666 50386
131666 107656
131666 68870
131666 18984
131666 65162
131666 24026
131666 96318
131666 111193
131666 100804
131666 9250
131666 4764
18984 38655
18984 13982
18984 25590
18984 62141
18984 85226
18984 43665
18984 134286
18984 50386
18984 131666
18984 107656
18984 68870
18984 65162
18984 24026
18984 96318
18984 111193
18984 100804
18984 9250
18984 96449
18984 4764
18984 11600
18984 49060
18984 100518
65162 38655
65162 13982
65162 25590
65162 62141
65162 85226
65162 50386
65162 131666
65162 107656
65162 68870
65162 18984
65162 24026
65162 96318
65162 111193
65162 100804
65162 9250
65162 4764
24026 95115
24026 85881
24026 184819
24026 13982
24026 25590
24026 218202
24026 95385
24026 100002
24026 145247
24026 85226
24026 43665
24026 175315
24026 134286
24026 50386
24026 131666
24026 21644
24026 107656
24026 18984
24026 65162
24026 96318
24026 100804
24026 96449
24026 4764
24026 60430
24026 69803
111193 38655
111193 13982
111193 25590
111193 62141
111193 50386
111193 131666
111193 107656
111193 68870
111193 18984
111193 65162
111193 96318
111193 100804
111193 9250
111193 4764
111193 59644
99863 12410
99863 3160
99863 59644
99863 51057
99863 81534
81534 99863
81534 51057
81534 172941
129939 101451
129939 154473
129939 145247
129939 12410
129939 184819
129939 14645
129939 23879
129939 125330
129939 100002
129939 43665
129939 12672
129939 11362
129939 111225
129939 51057
129939 69001
129939 39056
129939 106707
129939 71768
129939 95385
129939 71768
89958 84956
48552 218857
48552 125330
48552 192489
48552 111225
48552 209214
48552 54471
192489 218857
192489 125330
192489 48552
192489 111225
11362 218857
11362 184819
11362 14645
11362 129939
11362 23879
11362 125330
11362 100002
11362 43665
11362 12672
11362 111225
11362 222025
11362 242212
50001 218857
110145 79283
110145 138387
110145 95385
110145 10151
110145 4764
70720 5026
70720 13442
13442 70720
13442 5026
13442 95385
13442 39056
230588 42216
230588 101451
230588 70450
230588 12672
53030 79537
86151 154473
86151 231644
86151 185629
86151 11338
86151 106707
86151 11600
185629 96695
185629 154473
185629 86151
185629 231644
85087 70704
85087 106707
85087 106707
46023 80994
46023 43411
156307 155799
24542 71236
24542 101042
24542 90514
222025 242212
222025 11362
236924 13982
236924 101443
67544 48806
67544 6852
67544 21644
34415 43665
58310 93674
54471 48552
54471 209214
54471 231644
54471 93674
3176 179670
3176 60930
60160 53022
60160 106707
60160 100804
60160 60930
60160 12672
60160 11600
69803 51057
69803 101443
69803 68870
69803 24026
174152 16364
174152 179670
100518 18984
67020 11338
135358 59644
