3 3116 0.7693046087008847
3 1265 0.7992546925914304
3 3616 0.8672444826503494
3 506 0.9692423968475916
3 4145 1.5210046924743033
3 3975 1.5243324377672627
3 4454 1.5378818107510535
3 1234 1.6042522072615713
3 3986 1.605591798302246
15 2646 0.9046741139688419
15 379 0.9790531780939037
15 1327 0.9822416582359226
15 4087 1.520416480708155
15 3116 1.5325913339880453
15 1094 1.734623054914619
15 539 1.740218870887589
15 1057 1.7472847226493802
31 1265 0.7991525715196418
31 4087 0.8421081537512652
31 491 0.9660617765960704
31 539 0.9815798463706555
31 498 0.9907280002475665
31 4070 1.5810152481885922
31 1048 1.7123341141077204
36 1167 0.8038967095944304
36 1407 0.8765624864757823
36 498 0.9603908975807964
36 1363 0.9697475948638422
36 506 0.9850356588114461
36 2013 0.9852047921828403
82 4195 0.8251039246327118
82 4684 0.8637266405496752
82 397 0.9842988687084382
82 1167 0.9947034195697738
82 3911 1.535333158900913
138 3047 0.7740212039325843
138 491 0.9746349720501034
138 1327 0.9856727522093324
138 4322 1.5276961422903579
162 1918 0.7654516917976195
162 1265 0.8087041540955601
162 3047 0.9708618927062881
164 4087 0.7656916294581898
164 4727 0.7683050796422262
177 4322 0.7638480711451789
