3 506 0.9415202620051966
3 679 1.2968652803952245
3 491 1.7071405012656644
3 274 1.72860545093117
3 539 1.837679805391402
3 440 1.8842005200865588
3 496 1.9123794781144479
3 504 2.137807422913752
3 365 2.623164764266721
15 379 0.9488541533650265
15 539 1.0057999434279705
15 504 1.411790271428573
15 494 1.6337492913343878
15 397 1.6929099497618145
15 436 1.8876865388771753
15 274 1.921829366494834
15 491 1.9258099343799864
31 491 0.9140480707021549
31 539 0.9524882836355089
31 498 0.9840766940514661
31 506 1.5179336827077359
31 422 1.723500551287705
31 397 1.8627824627644163
31 365 2.504667009140782
36 498 0.9111467962734916
36 506 0.9601022547002975
36 379 1.7587042302671052
36 440 1.8692625602983939
36 397 1.8755848167853761
36 496 1.9438710595519308
82 397 0.9629967264504379
82 494 1.6694257388807119
82 504 1.7591401843897365
82 491 1.7801715113065544
82 539 1.8562406861386282
138 491 0.9377328832467142
138 498 1.5088812706641577
138 494 1.6335649909386778
138 397 1.6619436778702372
162 498 0.9350517535562887
162 491 0.9357979162231809
162 379 0.9758467610404449
164 397 0.9045418197814259
164 282 1.663333614932303
177 274 0.9532677428872315
