3 164 1.0
3 204 1.0
3 221 1.0
3 386 1.0
3 397 1.0
3 494 1.0
3 701 1.0
3 740 1.0
3 791 1.0
164 3 1.0
164 204 1.0
164 221 1.0
164 386 1.0
164 397 1.0
164 494 1.0
164 701 1.0
164 740 1.0
164 791 1.0
164 31 1.0
164 800 1.0
164 253 1.0
164 260 1.0
164 778 1.0
164 503 1.0
164 414 1.0
204 3 1.0
204 164 1.0
204 221 1.0
204 386 1.0
204 397 1.0
204 494 1.0
204 701 1.0
204 740 1.0
204 791 1.0
204 253 1.0
204 260 1.0
204 256 1.0
204 414 1.0
221 3 1.0
221 164 1.0
221 204 1.0
221 386 1.0
221 397 1.0
221 494 1.0
221 701 1.0
221 740 1.0
221 791 1.0
221 15 1.0
221 31 1.0
221 696 1.0
221 778 1.0
221 503 1.0
221 414 1.0
221 219 1.0
221 260 1.0
221 305 1.0
221 800 1.0
221 697 1.0
221 379 1.0
221 314 1.0
386 3 1.0
386 164 1.0
386 204 1.0
386 221 1.0
386 397 1.0
386 494 1.0
386 701 1.0
386 740 1.0
386 791 1.0
386 31 1.0
386 253 1.0
386 260 1.0
386 778 1.0
386 177 1.0
386 350 1.0
386 358 1.0
386 365 1.0
386 414 1.0
386 800 1.0
386 506 1.0
386 440 1.0
397 3 1.0
397 164 1.0
397 204 1.0
397 221 1.0
397 386 1.0
397 494 1.0
397 701 1.0
397 740 1.0
397 791 1.0
494 3 1.0
494 164 1.0
494 204 1.0
494 221 1.0
494 386 1.0
494 397 1.0
494 701 1.0
494 740 1.0
494 791 1.0
701 3 1.0
701 164 1.0
701 204 1.0
701 221 1.0
701 386 1.0
701 397 1.0
701 494 1.0
701 740 1.0
701 791 1.0
701 414 1.0
740 3 1.0
740 164 1.0
740 204 1.0
740 221 1.0
740 386 1.0
740 397 1.0
740 494 1.0
740 701 1.0
740 791 1.0
740 31 1.0
740 253 1.0
740 260 1.0
740 778 1.0
740 503 1.0
740 177 1.0
740 219 1.0
740 350 1.0
740 365 1.0
740 414 1.0
740 436 1.0
791 3 1.0
791 164 1.0
791 204 1.0
791 221 1.0
791 386 1.0
791 397 1.0
791 494 1.0
791 701 1.0
791 740 1.0
791 177 1.0
791 314 1.0
791 253 1.0
791 305 1.0
791 778 1.0
791 696 1.0
15 221 1.0
31 164 1.0
31 386 1.0
31 740 1.0
31 221 1.0
31 696 1.0
696 31 1.0
696 221 1.0
696 778 1.0
696 791 1.0
36 256 1.0
256 36 1.0
256 204 1.0
162 778 1.0
778 162 1.0
778 164 1.0
778 221 1.0
778 386 1.0
778 740 1.0
778 503 1.0
778 253 1.0
778 791 1.0
778 414 1.0
778 696 1.0
778 796 1.0
800 164 1.0
800 221 1.0
800 386 1.0
253 164 1.0
253 204 1.0
253 260 1.0
253 386 1.0
253 740 1.0
253 503 1.0
253 791 1.0
253 778 1.0
253 305 1.0
260 164 1.0
260 204 1.0
260 253 1.0
260 386 1.0
260 740 1.0
260 221 1.0
260 305 1.0
503 164 1.0
503 221 1.0
503 740 1.0
503 778 1.0
503 253 1.0
503 414 1.0
414 164 1.0
414 221 1.0
414 204 1.0
414 272 1.0
414 305 1.0
414 365 1.0
414 386 1.0
414 740 1.0
414 701 1.0
414 778 1.0
414 503 1.0
177 386 1.0
177 740 1.0
177 791 1.0
219 221 1.0
219 740 1.0
219 358 1.0
219 272 1.0
358 219 1.0
358 386 1.0
272 219 1.0
272 414 1.0
272 305 1.0
305 221 1.0
305 260 1.0
305 253 1.0
305 272 1.0
305 414 1.0
305 791 1.0
697 221 1.0
379 221 1.0
314 221 1.0
314 791 1.0
350 740 1.0
350 386 1.0
365 386 1.0
365 414 1.0
365 740 1.0
506 386 1.0
440 386 1.0
436 740 1.0
796 778 1.0
