3    3    40.748939    -73.992280    1333461608
3    4244    40.750795    -73.993576    1333465062
15    2715    40.773839    -73.871220    1354876075
15    14627    40.757564    -73.989238    1354881399
15    169732    40.758375    -73.988497    1354882607
15    221473    40.762890    -73.974030    1354892820
15    99811    40.753874    -73.984429    1354981031
15    13941    40.763556    -73.972868    1355066443
31    6589    40.736527    -73.990560    1333800018
31    135707    40.767611    -73.971258    1334145645
31    141205    40.629924    -73.884778    1334430779
31    169139    40.721968    -73.957562    1337205305
31    155213    40.794840    -73.926392    1339071051
31    451479    40.790160    -73.955498    1339315196
31    1690911    40.744851    -73.970561    1370435953
31    952654    40.750996    -73.849368    1373982998
36    222007    40.764169    -73.973415    1363857124
36    1279464    40.761765    -73.961230    1364072723
82    37708    40.759903    -73.980346    1371985858
82    3493080    40.754755    -73.986564    1372870417
82    10560    40.774562    -73.972664    1372954627
82    1748979    40.745368    -73.977496    1372962107
138    253334    40.761847    -73.990151    1352660787
138    2715    40.773839    -73.871220    1366737563
138    2314423    40.749569    -73.981341    1367341673
138    4244    40.750795    -73.993576    1367492725
138    2668226    40.761317    -73.967578    1368475636
138    331233    40.661041    -73.829623    1368536987
138    2715    40.773839    -73.871220    1372922390
138    174029    40.741797    -73.997271    1373396751
138    2586271    40.763455    -73.988865    1373476078
138    172147    40.765163    -73.987631    1374978397
138    2159239    40.746888    -73.986587    1375440997
138    2715    40.773839    -73.871220    1379180648
162    156478    40.828391    -73.926101    1338289505
162    156478    40.828391    -73.926101    1339152640
162    62142    40.829491    -73.926938    1339183763
162    156478    40.828391    -73.926101    1339273172
162    156478    40.828391    -73.926101    1339322228
162    508566    40.827334    -73.925130    1339358341
162    29693    40.744341    -73.990426    1339440347
162    156478    40.828391    -73.926101    1340217401
162    156478    40.828391    -73.926101    1340741396
162    156478    40.828391    -73.926101    1341230675
162    329083    40.736885    -73.990731    1341332558
162    336779    40.884687    -73.899701    1342109752
162    156478    40.828391    -73.926101    1342346461
162    156478    40.828391    -73.926101    1342434918
162    156478    40.828391    -73.926101    1342522551
162    156478    40.828391    -73.926101    1342607472
162    156478    40.828391    -73.926101    1343476058
162    156478    40.828391    -73.926101    1343648779
162    156478    40.828391    -73.926101    1344158482
162    2715    40.773839    -73.871220    1344764497
162    156478    40.828391    -73.926101    1345119483
162    156478    40.828391    -73.926101    1345391336
162    508566    40.827334    -73.925130    1347712502
162    156478    40.828391    -73.926101    1349691198
162    32461    40.737610    -73.987941    1351026575
162    156478    40.828391    -73.926101    1352112331
162    156478    40.828391    -73.926101    1352465924
162    329083    40.736885    -73.990731    1352490056
162    156478    40.828391    -73.926101    1352718200
162    423937    40.745135    -73.978742    1353174353
162    619284    40.857709    -73.911552    1353336367
162    2251908    40.735584    -73.990924    1356102897
162    156478    40.828391    -73.926101    1356181691
162    155177    40.733548    -73.991029    1356201467
162    671212    40.748623    -73.924957    1357324750
162    802095    40.804664    -73.966235    1362945812
162    2734676    40.862414    -73.884387    1365258951
162    12915    40.757221    -73.991547    1365359370
162    1294347    40.761883    -73.966034    1376745045
162    747164    40.780773    -73.949435    1379010662
162    329710    40.781752    -73.951616    1379015040
164    172    40.732322    -73.985359    1333461725
164    172    40.732322    -73.985359    1333881159
164    218695    40.722890    -73.982811    1333897311
164    259138    40.724170    -73.978871    1334006090
164    172    40.732322    -73.985359    1334141699
164    327599    40.735470    -73.992126    1334151381
164    366425    40.742355    -73.985032    1334242878
164    172    40.732322    -73.985359    1334311448
164    10426    40.750516    -73.993499    1334347088
164    113143    40.743114    -73.989175    1334362585
164    15733    40.742278    -73.985256    1334444050
164    463707    40.742217    -73.985796    1334449005
164    172    40.732322    -73.985359    1334587987
164    172    40.732322    -73.985359    1334660312
164    218771    40.743689    -73.979752    1334688437
164    159181    40.729096    -73.988864    1334765262
164    172    40.732322    -73.985359    1334936764
164    172    40.732322    -73.985359    1335284171
164    172    40.732322    -73.985359    1335356025
164    172    40.732322    -73.985359    1335521316
164    197835    40.735957    -73.987126    1335559037
164    445498    40.725250    -73.977984    1335648584
164    128896    40.765179    -73.971872    1362746915
177    243930    40.693663    -73.963629    1335102686
177    118337    40.768033    -73.981869    1335102919
177    369650    40.769004    -73.982320    1335103000
177    105676    40.749859    -73.989962    1335125821
177    8674    40.759010    -73.979298    1335430813
177    502029    40.756256    -73.970465    1335434336
177    763053    40.756837    -73.972503    1335434428
195    111628    40.759168    -73.984922    1361214523
195    34111    40.778937    -73.962298    1361282593
195    172818    40.778502    -73.963899    1361282734
198    2211823    40.757640    -73.986939    1363375998
198    13941    40.763556    -73.972868    1363438691
198    424    40.781184    -73.973203    1363448320
198    455936    40.763544    -73.982964    1363545358
198    216123    40.761943    -73.983597    1363546874
198    586227    40.757379    -73.988286    1363634752
198    12648    40.764226    -73.980711    1363635334
204    214    40.755881    -73.985778    1333461752
204    410156    40.762904    -73.969794    1334333587
204    214    40.755881    -73.985778    1334593927
204    214    40.755881    -73.985778    1334671319
204    235414    40.752286    -73.985801    1334679787
204    6589    40.736527    -73.990560    1334995998
204    214    40.755881    -73.985778    1336126074
204    6589    40.736527    -73.990560    1336221872
204    214    40.755881    -73.985778    1336386391
204    214    40.755881    -73.985778    1337262328
204    4191    40.645089    -73.784523    1338960654
204    4191    40.645089    -73.784523    1339393490
204    1160671    40.580438    -73.825593    1339864747
204    247457    40.744564    -73.996630    1339941795
204    6589    40.736527    -73.990560    1341671634
204    1436554    40.580615    -73.825890    1341774691
204    214    40.755881    -73.985778    1342007414
204    221780    40.731718    -73.985554    1347656920
204    4191    40.645089    -73.784523    1354721289
204    161613    40.759335    -73.986639    1358020280
204    2534407    40.749394    -73.976710    1360175348
204    607955    40.755645    -73.989036    1366402656
204    484758    40.739372    -73.994122    1366655747
204    1401    40.742188    -73.987924    1367766779
204    182966    40.741874    -73.987930    1369163603
204    214    40.755881    -73.985778    1369832774
204    6589    40.736527    -73.990560    1371911597
204    214    40.755881    -73.985778    1375109665
204    213881    40.720494    -73.961763    1375632763
204    1260589    40.723766    -73.979138    1376934079
204    219201    40.723966    -73.980710    1377453777
219    106033    40.762016    -73.986654    1333553193
219    212105    40.747346    -73.851739    1334148918
219    217928    40.673282    -73.832610    1334420708
219    10426    40.750516    -73.993499    1334494955
219    10426    40.750516    -73.993499    1334502914
219    3761    40.771426    -73.973501    1335522691
219    837393    40.732433    -73.982661    1335709967
219    294569    40.766378    -73.991781    1336590751
219    171204    40.742762    -73.976923    1336787081
219    1033451    40.745469    -73.975481    1336790257
219    507276    40.748724    -73.984377    1339423134
219    1073496    40.744138    -73.981396    1339511302
219    1229682    40.779159    -73.950738    1340216048
219    13927    40.755612    -73.970926    1340223187
219    109250    40.753024    -73.981824    1340232402
219    503082    40.754234    -73.974293    1341703712
219    171343    40.762842    -73.971734    1341786387
219    164355    40.762858    -73.971619    1342124143
219    213879    40.743624    -73.985856    1344205726
219    1857178    40.759623    -73.976444    1344775047
219    1496416    40.762334    -73.974385    1344776441
219    414848    40.753926    -73.991544    1345151210
219    213741    40.755949    -73.972428    1345240693
219    4191    40.645089    -73.784523    1345300359
219    152859    40.744215    -73.988538    1352127196
219    4244    40.750795    -73.993576    1353999723
219    2381998    40.761141    -73.832076    1354451787
219    415536    40.759659    -73.831572    1354649441
219    211601    40.781354    -73.972771    1355587221
219    247592    40.750297    -73.975067    1360011517
221    233    40.745104    -73.982484    1333461761
221    222620    40.762617    -73.993360    1334491975
221    8349    40.756490    -73.986268    1334691641
221    573561    40.761527    -74.000217    1334829480
221    655677    40.760736    -73.998707    1335051512
221    728376    40.747462    -73.993072    1335277337
221    728376    40.747462    -73.993072    1335366302
221    746560    40.756115    -73.992706    1335379057
221    573561    40.761527    -74.000217    1335556405
221    573561    40.761527    -74.000217    1336022855
221    746560    40.756115    -73.992706    1336238062
221    25927    40.760231    -73.995121    1336515975
221    16865    40.760427    -73.977696    1336556947
221    728376    40.747462    -73.993072    1336664547
221    447021    40.744851    -73.965325    1336726344
221    2715    40.773839    -73.871220    1336726779
221    652622    40.746483    -74.001301    1337209484
221    573561    40.761527    -74.000217    1337581711
221    233    40.745104    -73.982484    1337603747
221    573561    40.761527    -74.000217    1337677356
221    728376    40.747462    -73.993072    1339605163
221    573561    40.761527    -74.000217    1339616834
221    728376    40.747462    -73.993072    1341235746
221    655677    40.760736    -73.998707    1341389898
221    222620    40.762617    -73.993360    1341398058
221    573561    40.761527    -74.000217    1341480207
221    728376    40.747462    -73.993072    1341489575
221    1655630    40.780601    -73.916863    1341757538
221    728376    40.747462    -73.993072    1341830780
221    1181138    40.762351    -74.003448    1341947115
221    728376    40.747462    -73.993072    1342023571
221    573561    40.761527    -74.000217    1342218462
221    292755    40.761820    -74.000991    1342222093
221    573561    40.761527    -74.000217    1342379947
221    728376    40.747462    -73.993072    1342444896
221    573561    40.761527    -74.000217    1342609793
221    1496297    40.756905    -73.993560    1343428537
221    573561    40.761527    -74.000217    1344156476
221    728376    40.747462    -73.993072    1344515387
221    1925707    40.776271    -74.019440    1346892824
221    1469624    40.755661    -73.980947    1350067305
221    2019048    40.742900    -73.993521    1350391944
221    2019048    40.742900    -73.993521    1350994089
221    573561    40.761527    -74.000217    1351040576
221    1925707    40.776271    -74.019440    1351128131
221    25927    40.760231    -73.995121    1351204299
221    1374248    40.787820    -73.791046    1351461227
221    1345900    40.791558    -73.963836    1351594672
221    573561    40.761527    -74.000217    1352102498
221    2019048    40.742900    -73.993521    1353076277
221    2272920    40.762539    -74.000633    1353230153
221    2019048    40.742900    -73.993521    1353328525
221    573561    40.761527    -74.000217    1353399365
221    2019048    40.742900    -73.993521    1353431137
221    2290135    40.744027    -73.998438    1353460797
221    2290135    40.744027    -73.998438    1353994678
221    2019048    40.742900    -73.993521    1354541911
221    2019048    40.742900    -73.993521    1354734437
221    2290135    40.744027    -73.998438    1354756585
221    746560    40.756115    -73.992706    1354891985
221    2467627    40.788400    -73.785203    1355358471
221    573561    40.761527    -74.000217    1355388328
221    234567    40.754677    -73.974489    1355846348
221    1258067    40.760645    -73.990998    1357319262
221    2019048    40.742900    -73.993521    1357913247
221    2672853    40.781461    -73.982943    1358099240
221    746560    40.756115    -73.992706    1358369721
221    217787    40.756534    -73.994214    1358373612
221    573561    40.761527    -74.000217    1358410595
221    2019048    40.742900    -73.993521    1358445738
221    781773    40.759815    -73.992056    1358805285
221    2599176    40.749661    -73.950904    1359151565
221    573561    40.761527    -74.000217    1359188158
221    2272920    40.762539    -74.000633    1359834623
221    21678    40.758816    -73.978621    1360053411
221    2019048    40.742900    -73.993521    1360059596
221    2019048    40.742900    -73.993521    1360603525
221    2019048    40.742900    -73.993521    1360695069
221    573561    40.761527    -74.000217    1361103837
221    756    40.742608    -73.992705    1361715353
221    2944053    40.756865    -73.993497    1362492100
221    2019048    40.742900    -73.993521    1363087494
221    731169    40.762996    -73.983080    1363191995
221    1546304    40.759789    -73.995251    1364991336
221    2019048    40.742900    -73.993521    1365077482
221    233    40.745104    -73.982484    1365685166
221    7414    40.749628    -73.994805    1365772496
221    2161293    40.745050    -73.991322    1365792050
221    1864978    40.762333    -73.997433    1366108725
221    3186243    40.747502    -73.993117    1366293492
221    455746    40.761528    -74.000237    1366380418
221    2019048    40.742900    -73.993521    1366916415
221    233    40.745104    -73.982484    1367936840
221    2672853    40.781461    -73.982943    1368045955
221    1000972    40.761316    -74.000733    1368435371
221    2019048    40.742900    -73.993521    1369842986
221    539426    40.840535    -73.941207    1370025746
221    1925707    40.776271    -74.019440    1370235330
221    330465    40.747107    -73.993405    1373381745
221    164472    40.877683    -73.922195    1375648715
221    2019048    40.742900    -73.993521    1375726100
236    10560    40.774562    -73.972664    1334084083
236    8349    40.756490    -73.986268    1334179050
253    23685    40.736314    -73.863503    1333482625
253    77423    40.737645    -73.934584    1333528885
253    83995    40.697052    -73.934808    1333533086
253    23685    40.736314    -73.863503    1333548757
253    103249    40.733159    -73.871539    1333549927
253    108136    40.733147    -73.863061    1333565201
253    23685    40.736314    -73.863503    1333567354
253    154991    40.731197    -73.862130    1333806708
253    167209    40.737403    -73.861700    1333823188
253    176785    40.730270    -73.863606    1333836237
253    206705    40.737229    -73.861987    1333876484
253    217573    40.710448    -73.865740    1333895104
253    220894    40.738694    -73.860511    1333902226
253    234076    40.717933    -73.944930    1333963733
253    234653    40.715300    -73.944536    1333964446
253    241279    40.708524    -73.958446    1333973523
253    243356    40.714748    -73.961087    1333976530
253    14330    40.714249    -73.953760    1333980418
253    23685    40.736314    -73.863503    1333983297
253    14330    40.714249    -73.953760    1334050698
253    220894    40.738694    -73.860511    1334086745
253    23685    40.736314    -73.863503    1334091870
253    167209    40.737403    -73.861700    1334125427
253    337273    40.734727    -73.869268    1334176622
253    358919    40.737368    -73.929642    1334219961
253    358936    40.732547    -73.937363    1334219978
253    369559    40.720750    -73.944544    1334250428
253    206705    40.737229    -73.861987    1334297489
253    400032    40.695942    -73.952615    1334311862
253    187675    40.718316    -73.956885    1334330409
253    418072    40.735582    -73.865099    1334350274
253    98783    40.762959    -73.915591    1334398234
253    98783    40.762959    -73.915591    1334480615
253    418072    40.735582    -73.865099    1334495432
253    23685    40.736314    -73.863503    1334503376
253    243356    40.714748    -73.961087    1334590449
253    220894    40.738694    -73.860511    1334643733
253    98783    40.762959    -73.915591    1334695338
253    98783    40.762959    -73.915591    1334866181
253    601431    40.733308    -73.940177    1334911177
253    187675    40.718316    -73.956885    1334937022
253    614869    40.718271    -73.957408    1334941395
253    16573    40.718110    -73.957545    1334941483
253    220894    40.738694    -73.860511    1334998763
253    651816    40.755631    -73.884875    1335041733
253    418072    40.735582    -73.865099    1336816998
253    220894    40.738694    -73.860511    1336818219
253    794421    40.747535    -73.884708    1336844139
253    210660    40.756977    -73.989315    1336852399
253    217573    40.710448    -73.865740    1336930624
253    23685    40.736314    -73.863503    1339185709
253    23685    40.736314    -73.863503    1354770094
253    418072    40.735582    -73.865099    1357978268
253    501322    40.735369    -73.874678    1360671616
253    1086570    40.751187    -73.943700    1366490686
253    73832    40.742524    -73.980349    1366491759
253    171204    40.742762    -73.976923    1366492633
253    601431    40.733308    -73.940177    1366706802
253    418072    40.735582    -73.865099    1366920432
253    358936    40.732547    -73.937363    1366968549
256    417832    40.753638    -73.992464    1347206234
256    21678    40.758816    -73.978621    1347214755
256    90536    40.758719    -73.978460    1347215419
256    416936    40.752213    -73.977613    1347530182
256    34111    40.778937    -73.962298    1347536295
256    1492804    40.765312    -73.983603    1347639724
256    1238    40.741862    -73.989434    1347657051
256    21678    40.758816    -73.978621    1347703273
256    3906    40.758788    -73.978925    1347703320
256    329008    40.768091    -73.981846    1347708900
256    66848    40.759272    -73.981107    1347711811
256    247164    40.758539    -73.985428    1347712667
256    157719    40.756427    -73.987431    1347714886
256    164005    40.764076    -73.978633    1347730442
256    153091    40.773892    -73.982139    1347734824
256    7511    40.760141    -73.984705    1347739166
256    2163    40.763823    -73.973010    1364076323
256    8349    40.756490    -73.986268    1364078276
256    1238    40.741862    -73.989434    1364149556
256    254596    40.750790    -73.994094    1364273254
256    398323    40.749224    -73.968673    1364375157
256    3761    40.771426    -73.973501    1364411293
256    3093280    40.763610    -73.975045    1364477573
256    2568344    40.660734    -73.830359    1364491563
256    4191    40.645089    -73.784523    1364492622
260    204865    40.739398    -73.993210    1333958821
260    491217    40.744718    -73.971091    1334576705
260    147710    40.757595    -73.986869    1335039299
260    8413    40.757273    -73.985692    1335039607
260    147710    40.757595    -73.986869    1335040719
260    66848    40.759272    -73.981107    1335046365
260    21678    40.758816    -73.978621    1335046697
260    175897    40.771832    -73.930092    1335135469
260    1068554    40.732734    -73.963980    1336935055
272    146245    40.782963    -73.978661    1333796329
272    12915    40.757221    -73.991547    1334427038
272    1023310    40.755161    -73.984113    1338530788
272    94277    40.776626    -74.010730    1352125493
272    363022    40.758424    -73.970690    1352130143
272    901703    40.759166    -73.969472    1353011899
272    147298    40.738462    -73.985898    1355240659
272    94856    40.782136    -74.021838    1357900214
272    12915    40.757221    -73.991547    1358271904
272    177941    40.750094    -74.002856    1360971773
274    1524369    40.756880    -73.954382    1340022203
274    15620    40.752733    -73.976907    1340029367
282    4191    40.645089    -73.784523    1343131454
282    4191    40.645089    -73.784523    1364993133
282    4191    40.645089    -73.784523    1365264472
292    100382    40.760423    -73.991195    1343143737
292    8349    40.756490    -73.986268    1343147194
292    221473    40.762890    -73.974030    1343323133
301    182857    40.806318    -73.953880    1334698478
301    206367    40.813429    -74.013542    1336924747
301    1696010    40.855517    -73.983114    1342133742
301    330754    40.766440    -73.998191    1345372549
301    1258260    40.766535    -73.999385    1345372723
301    21678    40.758816    -73.978621    1353875319
301    447021    40.744851    -73.965325    1354420802
301    2163    40.763823    -73.973010    1354421371
301    1696010    40.855517    -73.983114    1354663201
301    252864    40.755235    -73.968381    1354922922
301    529527    40.859561    -73.972019    1356078196
301    2365645    40.683221    -73.951363    1357344467
301    44782    40.681931    -73.949951    1357354024
301    4191    40.645089    -73.784523    1358431651
301    843941    40.858624    -73.977614    1360658965
301    843941    40.858624    -73.977614    1361123998
301    843941    40.858624    -73.977614    1362732549
301    976457    40.675682    -73.866816    1365195713
301    674969    40.869274    -73.841901    1369586943
305    372207    40.714201    -73.961512    1334421845
305    254412    40.740120    -73.993847    1335039119
305    109694    40.738984    -73.994547    1335044757
305    223819    40.735818    -73.987236    1335637812
305    34168    40.727068    -73.983882    1336852417
305    4191    40.645089    -73.784523    1340605054
305    4191    40.645089    -73.784523    1342369622
305    217396    40.764681    -73.973136    1343115999
305    1845089    40.850858    -73.967430    1344681761
305    31442    40.752496    -73.977668    1351712225
305    2161874    40.760228    -73.980646    1351848817
305    102170    40.741553    -73.981094    1359235257
305    254412    40.740120    -73.993847    1360963846
305    2715    40.773839    -73.871220    1367048397
305    31304    40.752505    -73.977580    1367690337
305    372207    40.714201    -73.961512    1369501336
305    4244    40.750795    -73.993576    1370613037
305    1421108    40.773051    -73.976226    1375459389
305    182966    40.741874    -73.987930    1377712656
314    4191    40.645089    -73.784523    1361508781
314    213741    40.755949    -73.972428    1361512217
314    413830    40.763722    -73.982684    1366920897
314    29697    40.761439    -73.983740    1367091443
350    16696    40.762406    -74.010000    1337939109
350    218568    40.757059    -73.991418    1337952676
350    16696    40.762406    -74.010000    1337956469
350    1878031    40.757262    -73.996857    1365165829
350    8349    40.756490    -73.986268    1365175986
350    903395    40.762601    -74.001417    1372528578
358    706513    40.756230    -73.983822    1340222345
358    305482    40.760937    -73.987507    1357761203
358    14282    40.756502    -73.973909    1357891672
365    16696    40.762406    -74.010000    1336049462
365    18745    40.780503    -73.981232    1336050254
365    2715    40.773839    -73.871220    1336214476
365    453915    40.779112    -73.981633    1336318401
365    3761    40.771426    -73.973501    1336319703
365    217018    40.774034    -73.966849    1336321302
365    85384    40.767444    -73.971934    1336322960
365    112272    40.729256    -73.989376    1336331999
365    704367    40.771279    -73.981934    1336341508
379    8349    40.756490    -73.986268    1365771726
379    257978    40.761838    -73.965179    1365778290
386    412    40.751591    -73.974121    1333461878
386    1193    40.752307    -73.971854    1333462461
386    101064    40.741740    -73.993650    1334079594
386    134982    40.736828    -73.990645    1334083028
386    1193    40.752307    -73.971854    1334136105
386    327448    40.752308    -73.973404    1334151057
386    1193    40.752307    -73.971854    1334151479
386    330724    40.752020    -73.971395    1334157795
386    1193    40.752307    -73.971854    1334158794
386    1193    40.752307    -73.971854    1334220087
386    330724    40.752020    -73.971395    1334220392
386    330724    40.752020    -73.971395    1334307173
386    1193    40.752307    -73.971854    1334307705
386    404939    40.752292    -73.971907    1334320579
386    1193    40.752307    -73.971854    1334397197
386    330724    40.752020    -73.971395    1334404375
386    1193    40.752307    -73.971854    1334404734
386    1193    40.752307    -73.971854    1334577769
386    504992    40.750927    -73.971484    1334585224
386    195161    40.645806    -73.902175    1334597514
386    330724    40.752020    -73.971395    1334654134
386    1193    40.752307    -73.971854    1334654865
386    327448    40.752308    -73.973404    1334664300
386    1193    40.752307    -73.971854    1334664992
386    1193    40.752307    -73.971854    1334746600
386    545176    40.750608    -73.971768    1334755653
386    1193    40.752307    -73.971854    1334756651
386    1193    40.752307    -73.971854    1334827753
386    533984    40.752289    -73.974213    1334845659
386    330724    40.752020    -73.971395    1334913359
386    1193    40.752307    -73.971854    1334913908
386    1193    40.752307    -73.971854    1335264054
386    1193    40.752307    -73.971854    1335266024
386    725056    40.752101    -73.970861    1335267747
386    1193    40.752307    -73.971854    1335271766
386    30288    40.752148    -73.974162    1335277824
386    1193    40.752307    -73.971854    1335281620
386    412    40.751591    -73.974121    1335436742
386    1193    40.752307    -73.971854    1335437500
386    776834    40.754102    -73.972049    1335535325
386    1193    40.752307    -73.971854    1335541195
386    1193    40.752307    -73.971854    1335874227
386    330724    40.752020    -73.971395    1335882949
386    1193    40.752307    -73.971854    1336050282
386    253332    40.779373    -73.955071    1336403747
386    1193    40.752307    -73.971854    1336404950
386    1193    40.752307    -73.971854    1336492794
386    545176    40.750608    -73.971768    1336656819
386    330724    40.752020    -73.971395    1336658805
386    1193    40.752307    -73.971854    1336660004
386    1193    40.752307    -73.971854    1336830170
386    101064    40.741740    -73.993650    1336846169
386    1193    40.752307    -73.971854    1336990764
386    776834    40.754102    -73.972049    1336995224
386    1193    40.752307    -73.971854    1336999017
386    504992    40.750927    -73.971484    1337005323
386    1193    40.752307    -73.971854    1337007028
386    1193    40.752307    -73.971854    1337177266
386    327448    40.752308    -73.973404    1337180597
386    1193    40.752307    -73.971854    1337182885
386    1193    40.752307    -73.971854    1337258216
386    23646    40.753987    -73.983822    1337272911
386    1193    40.752307    -73.971854    1337951550
386    1193    40.752307    -73.971854    1338468839
386    330724    40.752020    -73.971395    1338476689
386    1193    40.752307    -73.971854    1338483524
386    412    40.751591    -73.974121    1338547042
386    1193    40.752307    -73.971854    1338547935
386    241552    40.752585    -73.972541    1338557453
386    1193    40.752307    -73.971854    1338980926
386    404939    40.752292    -73.971907    1338993043
386    1193    40.752307    -73.971854    1338995150
386    1193    40.752307    -73.971854    1339070563
386    1388745    40.760264    -73.965432    1339075824
386    412    40.751591    -73.974121    1339084227
386    1391893    40.758922    -73.965799    1339093130
386    191702    40.756250    -73.967716    1339100165
386    75874    40.756711    -74.001002    1339316527
386    696669    40.757548    -73.972750    1339499252
386    776834    40.754102    -73.972049    1339499760
386    1193    40.752307    -73.971854    1339501169
386    1388745    40.760264    -73.965432    1339585663
386    82214    40.755002    -73.968647    1339587899
386    1193    40.752307    -73.971854    1339588637
386    30288    40.752148    -73.974162    1339591536
386    404939    40.752292    -73.971907    1339596278
386    412    40.751591    -73.974121    1340714904
386    1193    40.752307    -73.971854    1340799662
386    1193    40.752307    -73.971854    1341313513
386    1585942    40.750845    -73.975662    1341319946
386    99074    40.750644    -73.976142    1341320181
386    1193    40.752307    -73.971854    1341323154
386    1193    40.752307    -73.971854    1342109344
386    412    40.751591    -73.974121    1342111681
386    1193    40.752307    -73.971854    1342116817
386    696669    40.757548    -73.972750    1342518279
386    412    40.751591    -73.974121    1342523335
386    1193    40.752307    -73.971854    1342533531
386    412    40.751591    -73.974121    1342609059
386    1748040    40.792073    -73.967888    1342617105
386    1748299    40.791569    -73.966347    1342618788
386    1193    40.752307    -73.971854    1342623850
386    1193    40.752307    -73.971854    1343461993
386    1193    40.752307    -73.971854    1343666877
386    1748299    40.791569    -73.966347    1343672434
386    725056    40.752101    -73.970861    1344515844
386    1193    40.752307    -73.971854    1344523633
386    412    40.751591    -73.974121    1345208922
386    1193    40.752307    -73.971854    1345210421
386    2059670    40.740312    -73.989462    1351005255
386    130463    40.741128    -73.989902    1351182193
386    2059670    40.740312    -73.989462    1354106040
386    1238    40.741862    -73.989434    1354116562
386    1688881    40.741187    -73.989089    1354116977
386    2059670    40.740312    -73.989462    1354376913
386    2059670    40.740312    -73.989462    1354619445
386    2059670    40.740312    -73.989462    1354706577
386    14594    40.741934    -73.990231    1355159618
386    3470    40.785806    -73.950949    1356692405
386    2059670    40.740312    -73.989462    1356694270
386    154338    40.740778    -73.987683    1357219764
386    76021    40.740299    -73.986783    1357220179
386    2059670    40.740312    -73.989462    1357585764
386    101064    40.741740    -73.993650    1357593759
386    2059670    40.740312    -73.989462    1357737258
386    2059670    40.740312    -73.989462    1357756056
386    230774    40.737841    -73.988498    1357825954
386    1657140    40.739539    -73.988825    1357826680
386    2059670    40.740312    -73.989462    1357910517
386    2059670    40.740312    -73.989462    1358169505
386    2059670    40.740312    -73.989462    1358431394
386    2059670    40.740312    -73.989462    1358506210
386    2059670    40.740312    -73.989462    1358521772
386    1871522    40.757568    -73.977634    1359030066
386    16074    40.749825    -73.987963    1359193417
386    2755132    40.691537    -73.918346    1359458302
386    1688881    40.741187    -73.989089    1359635339
386    2755132    40.691537    -73.918346    1359814917
386    3008286    40.742052    -73.992401    1363274766
386    2755132    40.691537    -73.918346    1363778476
386    3008286    40.742052    -73.992401    1363864993
386    250746    40.740867    -73.991798    1363964039
386    2755132    40.691537    -73.918346    1365071868
386    3008286    40.742052    -73.992401    1365600019
386    2059670    40.740312    -73.989462    1366377225
386    3008286    40.742052    -73.992401    1366731859
386    2059670    40.740312    -73.989462    1366815996
386    2755132    40.691537    -73.918346    1367837018
386    3008286    40.742052    -73.992401    1367843620
386    508194    40.757180    -73.972124    1367918928
386    3008286    40.742052    -73.992401    1367933187
386    3008286    40.742052    -73.992401    1376335131
397    424    40.781184    -73.973203    1333461887
397    3906    40.758788    -73.978925    1333476212
397    31304    40.752505    -73.977580    1333489064
414    5397    40.851216    -73.952065    1333898309
414    242181    40.745837    -73.987993    1333996100
414    645301    40.762864    -73.975780    1335560812
414    470500    40.746159    -73.999941    1335647855
414    332129    40.763750    -73.975074    1336045850
414    650929    40.747373    -74.000435    1336138579
414    490883    40.737572    -73.993135    1336845277
414    1244102    40.738345    -73.983517    1338063419
414    614671    40.745077    -73.988676    1338320685
414    4244    40.750795    -73.993576    1339088497
414    4244    40.750795    -73.993576    1339167950
414    2715    40.773839    -73.871220    1342028797
414    1238    40.741862    -73.989434    1342203868
414    146039    40.720478    -73.961742    1347727467
414    454534    40.719755    -73.957924    1347730068
414    224933    40.711255    -73.961443    1347735584
414    17509    40.747170    -74.000636    1353009776
414    732751    40.738215    -73.990042    1353682050
414    109710    40.736507    -73.988804    1354006113
414    10426    40.750516    -73.993499    1355599717
414    178389    40.738305    -73.993009    1357327356
414    533789    40.745113    -73.988607    1357383872
414    107154    40.730809    -73.983319    1357938497
414    1244102    40.738345    -73.983517    1357998150
414    32416    40.645578    -73.776433    1359005168
414    4191    40.645089    -73.784523    1359321006
414    1073990    40.726568    -73.986512    1360966984
414    4244    40.750795    -73.993576    1361205781
414    10426    40.750516    -73.993499    1361992122
414    2210796    40.745180    -73.976664    1362835409
414    2253314    40.744054    -73.989738    1365101872
414    256085    40.714718    -73.949522    1365251018
414    147298    40.738462    -73.985898    1366406042
414    1655781    40.736681    -73.986880    1367245726
414    1308875    40.739696    -73.973430    1369595176
414    2715    40.773839    -73.871220    1379164411
422    34034    40.756884    -73.986563    1360536570
422    812630    40.757056    -73.989973    1360772522
422    4191    40.645089    -73.784523    1360781466
436    76017    40.737064    -73.990426    1339029474
436    8349    40.756490    -73.986268    1370786457
440    5748    40.748281    -73.985563    1376336924
440    34111    40.778937    -73.962298    1376997194
491    8674    40.759010    -73.979298    1345293691
491    140871    40.759034    -73.979337    1345297615
491    210981    40.765496    -73.973800    1345311521
494    528    40.750614    -73.988564    1333461968
494    3906    40.758788    -73.978925    1333539814
494    2163    40.763823    -73.973010    1333541677
494    34111    40.778937    -73.962298    1333544003
494    107796    40.643966    -73.782721    1333561270
496    1615013    40.757008    -73.989451    1355708355
496    554567    40.756880    -73.988886    1355763857
496    148487    40.756899    -73.988223    1355763891
498    10862    40.735282    -73.990403    1376843756
498    207402    40.734856    -73.988395    1376844512
503    107668    40.756457    -73.846064    1334082673
503    216580    40.747615    -73.883958    1334099254
503    670793    40.754048    -73.984423    1335175810
503    740929    40.736832    -73.955800    1335357055
503    467108    40.706250    -73.953533    1338561942
503    467108    40.706250    -73.953533    1338561976
503    1714700    40.722713    -73.948621    1347741369
503    484970    40.650986    -73.869773    1374958982
504    171532    40.645629    -73.913854    1333829315
504    220630    40.710573    -73.955841    1336135831
504    898843    40.701425    -73.918346    1336142351
504    241279    40.708524    -73.958446    1336142716
504    454038    40.699612    -73.952102    1336142988
504    220630    40.710573    -73.955841    1336143133
504    217928    40.673282    -73.832610    1339281836
506    1238    40.741862    -73.989434    1366723208
506    105873    40.744071    -73.987384    1366729120
539    537432    40.744412    -73.995388    1335232677
539    402774    40.749337    -73.986926    1335244241
539    17266    40.759200    -73.992481    1335245335
539    616196    40.774822    -73.988049    1335247069
617    4191    40.645089    -73.784523    1334421794
617    62142    40.829491    -73.926938    1334984324
617    158573    40.760602    -73.969467    1334985207
617    4244    40.750795    -73.993576    1335014207
679    4191    40.645089    -73.784523    1356963888
679    8349    40.756490    -73.986268    1357055410
679    130806    40.752452    -73.975218    1357057872
690    8349    40.756490    -73.986268    1369204944
690    8349    40.756490    -73.986268    1369204996
690    8349    40.756490    -73.986268    1369205017
696    4244    40.750795    -73.993576    1337200070
696    10862    40.735282    -73.990403    1337209219
696    28947    40.736547    -73.990845    1337210556
696    4244    40.750795    -73.993576    1337223870
696    8349    40.756490    -73.986268    1337225717
696    4244    40.750795    -73.993576    1337230197
696    4244    40.750795    -73.993576    1337358311
696    4191    40.645089    -73.784523    1337617700
696    32416    40.645578    -73.776433    1337619533
696    4191    40.645089    -73.784523    1353699010
696    4191    40.645089    -73.784523    1353998697
696    4244    40.750795    -73.993576    1372668841
697    8349    40.756490    -73.986268    1343433906
697    85384    40.767444    -73.971934    1343584959
701    756    40.742608    -73.992705    1333462137
701    86053    40.734852    -73.991085    1334082153
701    294376    40.757529    -73.989933    1334346786
701    262002    40.778413    -73.982019    1334686886
701    1238    40.741862    -73.989434    1336173313
701    32416    40.645578    -73.776433    1338194648
701    12915    40.757221    -73.991547    1338216545
701    16074    40.749825    -73.987963    1338753623
701    377722    40.750202    -73.986466    1338760214
701    425424    40.749995    -73.972250    1339095017
701    335830    40.756606    -73.986271    1342384290
701    852203    40.775001    -73.912003    1342386601
701    1826318    40.738266    -73.991132    1344545538
701    19446    40.748976    -73.995184    1344636373
701    425424    40.749995    -73.972250    1345144199
701    2049052    40.766746    -73.920972    1350946303
701    86053    40.734852    -73.991085    1350985368
701    10862    40.735282    -73.990403    1350985446
701    10862    40.735282    -73.990403    1351191852
701    649572    40.737033    -73.991947    1351196067
701    14587    40.678376    -73.903399    1351262807
701    528    40.750614    -73.988564    1352575638
701    147300    40.793892    -73.972433    1352577287
701    10426    40.750516    -73.993499    1352593684
701    118337    40.768033    -73.981869    1353576840
701    2297368    40.758570    -73.980217    1353577662
701    32416    40.645578    -73.776433    1355715723
701    16074    40.749825    -73.987963    1357577770
701    258727    40.760019    -73.984016    1359252345
701    1589622    40.751240    -73.991804    1359816799
701    38216    40.764155    -73.986897    1360267924
701    38216    40.764155    -73.986897    1360267961
701    177954    40.745431    -73.998518    1362871166
701    2082542    40.774154    -73.981112    1366963498
701    41140    40.755766    -73.991236    1368233385
701    4191    40.645089    -73.784523    1376718019
708    24750    40.732690    -73.974638    1341109548
708    1439822    40.753141    -73.963630    1341109646
708    342032    40.851962    -73.826966    1344719168
708    87308    40.825079    -73.920135    1344719606
708    1130136    40.682157    -73.946140    1355608999
708    149019    40.815472    -73.944188    1363490300
708    169139    40.721968    -73.957562    1363910084
722    37708    40.759903    -73.980346    1378556628
722    2498295    40.758760    -73.983540    1378663783
722    1513158    40.767262    -73.984119    1378921786
740    799    40.741174    -73.989652    1333462169
740    16606    40.738938    -73.994535    1333477014
740    27703    40.717751    -73.951863    1333485870
740    82155    40.738933    -73.992373    1333531747
740    1238    40.741862    -73.989434    1333544523
740    99685    40.733552    -73.989959    1333715274
740    5313    40.736735    -73.989761    1333715950
740    152501    40.718275    -73.950400    1333803736
740    156889    40.718639    -73.956914    1333809124
740    12117    40.764438    -73.973351    1333811028
740    186531    40.718233    -73.952121    1333889169
740    216576    40.717952    -73.951432    1333893273
740    27703    40.717751    -73.951863    1333909975
740    82155    40.738933    -73.992373    1333963917
740    82155    40.738933    -73.992373    1333974261
740    216576    40.717952    -73.951432    1333996340
740    27703    40.717751    -73.951863    1334002132
740    27703    40.717751    -73.951863    1334086137
740    82155    40.738933    -73.992373    1334136422
740    82155    40.738933    -73.992373    1334147018
740    216576    40.717952    -73.951432    1334261807
740    27703    40.717751    -73.951863    1334263883
740    82155    40.738933    -73.992373    1334311116
740    159151    40.737145    -73.990206    1334318857
740    6589    40.736527    -73.990560    1334319402
740    82155    40.738933    -73.992373    1334322346
740    82155    40.738933    -73.992373    1334569236
740    6589    40.736527    -73.990560    1334579565
740    216576    40.717952    -73.951432    1334654110
740    82155    40.738933    -73.992373    1334655465
740    82155    40.738933    -73.992373    1334664128
740    756    40.742608    -73.992705    1334688806
740    216576    40.717952    -73.951432    1334825869
740    82155    40.738933    -73.992373    1334832767
740    82155    40.738933    -73.992373    1334920644
740    97435    40.717054    -73.959285    1335046251
740    27703    40.717751    -73.951863    1335111038
740    216576    40.717952    -73.951432    1335122636
740    82155    40.738933    -73.992373    1335181057
740    27703    40.717751    -73.951863    1335215111
740    216576    40.717952    -73.951432    1335227157
740    216013    40.737283    -73.990908    1335268138
740    82155    40.738933    -73.992373    1335268370
740    82155    40.738933    -73.992373    1335357937
740    82155    40.738933    -73.992373    1335432577
740    82155    40.738933    -73.992373    1335530106
740    809631    40.717254    -73.962757    1335623624
740    156889    40.718639    -73.956914    1335624039
740    503013    40.737264    -73.990684    1336049641
740    82155    40.738933    -73.992373    1336049852
740    619849    40.724610    -73.982943    1336070223
740    216576    40.717952    -73.951432    1336076282
740    27703    40.717751    -73.951863    1336077442
740    82155    40.738933    -73.992373    1336134124
740    27703    40.717751    -73.951863    1336167056
740    812661    40.712058    -73.966057    1336233932
740    82155    40.738933    -73.992373    1336384017
740    82155    40.738933    -73.992373    1336393490
740    990894    40.734648    -73.990340    1336565439
740    110521    40.734486    -73.992114    1336566110
740    27703    40.717751    -73.951863    1336768171
740    82155    40.738933    -73.992373    1336988532
740    82155    40.738933    -73.992373    1336998235
740    82155    40.738933    -73.992373    1337083752
740    82155    40.738933    -73.992373    1337248703
740    159151    40.737145    -73.990206    1337257101
740    82155    40.738933    -73.992373    1337258074
740    216576    40.717952    -73.951432    1337282337
740    894437    40.742656    -73.989015    1337343084
740    1158766    40.715679    -73.952603    1337367264
740    27703    40.717751    -73.951863    1337373899
740    219645    40.722405    -73.955230    1337384933
740    216576    40.717952    -73.951432    1337425244
740    75372    40.741673    -73.989288    1337430138
740    82155    40.738933    -73.992373    1337601508
740    27703    40.717751    -73.951863    1337632869
740    82155    40.738933    -73.992373    1337678909
740    159151    40.737145    -73.990206    1337687751
740    159151    40.737145    -73.990206    1337775154
740    82155    40.738933    -73.992373    1337776402
740    27703    40.717751    -73.951863    1337806132
740    82155    40.738933    -73.992373    1337937843
740    82155    40.738933    -73.992373    1337952664
740    1261816    40.717898    -73.951582    1338138820
740    708710    40.719138    -73.954222    1338144242
740    708710    40.719138    -73.954222    1338222496
740    1261816    40.717898    -73.951582    1338224224
740    82155    40.738933    -73.992373    1338282194
740    216576    40.717952    -73.951432    1338317292
740    82155    40.738933    -73.992373    1338466690
740    503013    40.737264    -73.990684    1338466990
740    82155    40.738933    -73.992373    1338542597
740    1158766    40.715679    -73.952603    1338720770
740    557074    40.715697    -73.953603    1338843177
740    159151    40.737145    -73.990206    1338985569
740    557074    40.715697    -73.953603    1339010757
740    190466    40.715013    -73.951464    1339026175
740    708710    40.719138    -73.954222    1339029418
740    82155    40.738933    -73.992373    1339063554
740    503013    40.737264    -73.990684    1339072865
740    82155    40.738933    -73.992373    1339082044
740    816708    40.717731    -73.957809    1339346527
740    82155    40.738933    -73.992373    1339406623
740    159151    40.737145    -73.990206    1339417239
778    26983    40.649190    -73.690483    1333485291
778    124319    40.761268    -73.865225    1333702708
778    127010    40.749450    -73.887253    1333705258
778    162192    40.644602    -73.702856    1333816093
778    164448    40.649452    -73.690389    1333819284
778    168210    40.647860    -73.683052    1333824636
778    288319    40.753889    -73.985023    1334063696
778    275083    40.760716    -73.972664    1334236097
778    4244    40.750795    -73.993576    1334267901
778    124319    40.761268    -73.865225    1334343216
778    239860    40.759611    -73.854733    1334346204
778    168210    40.647860    -73.683052    1334504203
778    93137    40.698812    -73.808727    1334576861
778    4191    40.645089    -73.784523    1334580864
778    678249    40.630343    -73.708562    1335115865
778    679890    40.649014    -73.690297    1335122736
778    26983    40.649190    -73.690483    1335123230
778    727483    40.744741    -73.981284    1335274529
778    12117    40.764438    -73.973351    1335362335
778    407756    40.660946    -73.722441    1335389051
778    727483    40.744741    -73.981284    1335535074
778    400405    40.828397    -73.925388    1335549284
778    62142    40.829491    -73.926938    1335554015
778    7646    40.752806    -73.977175    1335570438
778    24143    40.745794    -73.902969    1335571766
778    812069    40.648049    -73.689255    1335630596
778    168210    40.647860    -73.683052    1335635036
778    726397    40.662931    -73.720794    1335708898
778    225311    40.662664    -73.720210    1335713745
778    4244    40.750795    -73.993576    1336157069
778    931918    40.682481    -73.692154    1336240761
778    124319    40.761268    -73.865225    1336243133
778    239860    40.759611    -73.854733    1336318366
778    505307    40.742347    -73.989401    1336399010
778    288319    40.753889    -73.985023    1336482011
778    923640    40.657817    -73.691786    1336675415
778    4244    40.750795    -73.993576    1336759549
778    449988    40.750965    -73.991448    1336759580
778    162192    40.644602    -73.702856    1336836990
778    679890    40.649014    -73.690297    1336931359
778    505756    40.729311    -73.989227    1337001952
778    50601    40.762245    -73.979287    1337081465
778    109254    40.760915    -73.980753    1337090192
778    1108483    40.762199    -73.979132    1337092875
778    152859    40.744215    -73.988538    1337107934
778    4244    40.750795    -73.993576    1337115320
778    34424    40.750676    -73.991350    1337115436
778    109254    40.760915    -73.980753    1337176479
778    4244    40.750795    -73.993576    1337200632
778    931918    40.682481    -73.692154    1337448517
778    812069    40.648049    -73.689255    1337627083
778    143735    40.639612    -73.701608    1337968994
778    288319    40.753889    -73.985023    1338132514
778    1276715    40.645074    -73.689401    1338212568
778    727483    40.744741    -73.981284    1338558262
778    679890    40.649014    -73.690297    1338837619
778    12117    40.764438    -73.973351    1338975264
778    727483    40.744741    -73.981284    1338990300
778    4244    40.750795    -73.993576    1339007639
778    727483    40.744741    -73.981284    1339164095
778    4244    40.750795    -73.993576    1339179436
778    449988    40.750965    -73.991448    1339181259
778    216580    40.747615    -73.883958    1339327195
778    7646    40.752806    -73.977175    1339329297
778    400405    40.828397    -73.925388    1339345405
778    7646    40.752806    -73.977175    1339352416
778    143735    40.639612    -73.701608    1339616429
778    1483168    40.636948    -73.705516    1339616501
778    168210    40.647860    -73.683052    1339937221
778    288319    40.753889    -73.985023    1343135068
778    168210    40.647860    -73.683052    1343496870
778    168210    40.647860    -73.683052    1344708989
778    1391727    40.830079    -73.924549    1345117169
778    124319    40.761268    -73.865225    1351848935
778    124319    40.761268    -73.865225    1358079914
778    3166494    40.756872    -73.846682    1365338934
778    168210    40.647860    -73.683052    1368294220
778    50601    40.762245    -73.979287    1369230795
778    124319    40.761268    -73.865225    1369656668
778    3166494    40.756872    -73.846682    1372593927
778    3069731    40.752345    -73.997893    1377241925
791    852    40.753449    -73.990421    1333462207
791    68704    40.755661    -73.975389    1334219246
791    15007    40.778008    -73.954147    1334994395
791    409393    40.755526    -73.981560    1335207170
791    707971    40.755898    -73.982472    1335215321
791    762516    40.768884    -73.982501    1335432965
791    813609    40.767912    -73.985078    1335635730
791    7379    40.740258    -73.983861    1336652905
791    39309    40.769579    -73.992659    1337195411
791    164263    40.761732    -73.967986    1337256639
791    13484    40.746087    -73.981318    1337423598
791    369295    40.863014    -73.880353    1337449979
791    23646    40.753987    -73.983822    1338996183
791    50601    40.762245    -73.979287    1339069694
791    246466    40.779267    -73.953786    1339332267
791    578260    40.743399    -73.993359    1341586218
791    675472    40.750378    -73.993864    1341665506
791    172620    40.750385    -73.986616    1346885720
791    34111    40.778937    -73.962298    1350382114
791    1092151    40.755636    -73.981735    1350559509
791    897712    40.762254    -73.976147    1351098655
791    23646    40.753987    -73.983822    1351363022
791    602518    40.764423    -73.980917    1353347073
791    290343    40.740469    -73.996154    1354656485
791    367316    40.774446    -73.963320    1354666029
791    2429121    40.758789    -73.980394    1354905633
791    128896    40.765179    -73.971872    1355942657
791    2532630    40.755987    -73.981026    1356108930
791    357735    40.813491    -73.878054    1359438193
791    897712    40.762254    -73.976147    1359443432
791    1092151    40.755636    -73.981735    1359635776
791    897712    40.762254    -73.976147    1359645825
791    2532630    40.755987    -73.981026    1359709869
791    1732935    40.776352    -73.955789    1359916531
791    50601    40.762245    -73.979287    1363865498
791    645625    40.761622    -73.973599    1364638646
791    4670    40.761397    -73.976986    1364894081
791    31442    40.752496    -73.977668    1366920544
791    1732935    40.776352    -73.955789    1367263765
791    2907825    40.776650    -73.955559    1367363037
791    4464    40.755600    -73.974977    1368091969
791    614645    40.746087    -73.846664    1368884637
791    221878    40.825404    -73.956614    1374325626
791    289018    40.760693    -73.969914    1376067465
791    413946    40.777645    -73.951955    1378028910
791    2783811    40.776690    -73.955645    1378088194
796    4191    40.645089    -73.784523    1333971021
796    140514    40.758328    -73.985457    1334039169
796    89682    40.755036    -73.986512    1334043267
796    286219    40.759220    -73.985109    1334060468
796    304437    40.758400    -73.986300    1334103199
796    189107    40.757484    -73.984773    1334107195
796    189107    40.757484    -73.984773    1334107195
800    4244    40.750795    -73.993576    1334360913
800    617522    40.723781    -73.985230    1338488694
800    106461    40.745148    -73.998111    1339615673
800    106461    40.745148    -73.998111    1339625514
800    20391    40.747359    -73.997778    1339625536
800    4244    40.750795    -73.993576    1340211355
800    13708    40.752752    -73.973054    1349987923
