3    3    40.748939    -73.992280    1333461608
3    4244    40.750795    -73.993576    1333465062
15    2715    40.773839    -73.871220    1354876075
15    14627    40.757564    -73.989238    1354881399
15    169732    40.758375    -73.988497    1354882607
15    221473    40.762890    -73.974030    1354892820
15    99811    40.753874    -73.984429    1354981031
15    13941    40.763556    -73.972868    1355066443
31    6589    40.736527    -73.990560    1333800018
31    135707    40.767611    -73.971258    1334145645
31    141205    40.629924    -73.884778    1334430779
31    169139    40.721968    -73.957562    1337205305
31    155213    40.794840    -73.926392    1339071051
31    451479    40.790160    -73.955498    1339315196
31    1690911    40.744851    -73.970561    1370435953
31    952654    40.750996    -73.849368    1373982998
36    222007    40.764169    -73.973415    1363857124
36    1279464    40.761765    -73.961230    1364072723
82    37708    40.759903    -73.980346    1371985858
82    3493080    40.754755    -73.986564    1372870417
82    10560    40.774562    -73.972664    1372954627
82    1748979    40.745368    -73.977496    1372962107
138    253334    40.761847    -73.990151    1352660787
138    2715    40.773839    -73.871220    1366737563
138    2314423    40.749569    -73.981341    1367341673
138    4244    40.750795    -73.993576    1367492725
138    2668226    40.761317    -73.967578    1368475636
138    331233    40.661041    -73.829623    1368536987
138    2715    40.773839    -73.871220    1372922390
138    174029    40.741797    -73.997271    1373396751
138    2586271    40.763455    -73.988865    1373476078
138    172147    40.765163    -73.987631    1374978397
138    2159239    40.746888    -73.986587    1375440997
138    2715    40.773839    -73.871220    1379180648
