1025 1153 1.0
1025 2321 1.0
1025 2437 1.0
1025 3720 1.0
1025 0 1.0
1153 1025 1.0
1153 2321 1.0
1153 2437 1.0
1153 3720 1.0
1153 0 1.0
2321 1025 1.0
2321 1153 1.0
2321 2437 1.0
2321 3720 1.0
2437 1025 1.0
2437 1153 1.0
2437 2321 1.0
2437 3720 1.0
2437 0 1.0
3720 1025 1.0
3720 1153 1.0
3720 2321 1.0
3720 2437 1.0
3720 0 1.0
0 1025 1.0
0 1153 1.0
0 2437 1.0
0 3720 1.0
1025 1153 1.0
1025 2321 1.0
1025 2437 1.0
1025 3720 1.0
1025 0 1.0
1153 1025 1.0
1153 2321 1.0
1153 2437 1.0
1153 3720 1.0
1153 0 1.0
2321 1025 1.0
2321 1153 1.0
2321 2437 1.0
2321 3720 1.0
2437 1025 1.0
2437 1153 1.0
2437 2321 1.0
2437 3720 1.0
2437 0 1.0
3720 1025 1.0
3720 1153 1.0
3720 2321 1.0
3720 2437 1.0
3720 0 1.0
0 1025 1.0
0 1153 1.0
0 2437 1.0
0 3720 1.0
1025 1153 1.0
1025 2321 1.0
1025 2437 1.0
1025 3720 1.0
1025 0 1.0
1153 1025 1.0
1153 2321 1.0
1153 2437 1.0
1153 3720 1.0
1153 0 1.0
2321 1025 1.0
2321 1153 1.0
2321 2437 1.0
2321 3720 1.0
2437 1025 1.0
2437 1153 1.0
2437 2321 1.0
2437 3720 1.0
2437 0 1.0
3720 1025 1.0
3720 1153 1.0
3720 2321 1.0
3720 2437 1.0
3720 0 1.0
0 1025 1.0
0 1153 1.0
0 2437 1.0
0 3720 1.0
0 386 1.0
0 872 1.0
0 1025 1.0
0 1153 1.0
386 0 1.0
386 872 1.0
386 1025 1.0
386 1153 1.0
872 0 1.0
872 386 1.0
872 1025 1.0
872 1153 1.0
1025 0 1.0
1025 386 1.0
1025 872 1.0
1025 1153 1.0
1153 0 1.0
1153 386 1.0
1153 872 1.0
1153 1025 1.0
