[3, 15, 31, 36, 82]
[3, 31, 36, 82]
[3, 31, 36, 82]
[3, 15, 31, 36, 82, 138, 162]
[3, 15, 31, 36, 82, 138, 162]
[3, 15, 36, 82, 138, 162]
[3, 15, 31, 36, 82, 138, 162]
[15, 36, 162]
[15, 36, 82, 162]
[15, 36, 82, 138, 162]
[3, 15, 31, 36, 82, 138, 162]
[15, 31, 36]
[15, 31, 36, 82]
[15, 31, 36, 82, 138, 162]
[15, 31, 36, 82, 162]
[3, 36, 82, 138]
[15, 31, 36, 82]
[3, 31, 36, 82, 138]
[36, 82, 138]
[36, 138, 162]
[15, 36, 162]
[3, 82, 138]
[3, 15, 31, 36, 82]
[3, 31, 82, 138]
[3, 31, 36, 82]
[36, 82, 138, 162]
[15, 36, 82, 162]
[3, 15, 31, 36, 82, 138]
[3, 31, 138]
[3, 31, 36, 82, 138]
[3, 31, 82, 138]
[3, 15, 31, 36, 82, 138, 162]
[162, 3, 36, 82, 138]
[162, 3, 15, 31, 36, 82, 138]
[162, 3, 31, 36, 82, 138]
[162, 36, 82, 138]
[162, 36, 82, 138]
