3    3    40.748939    -73.992280    1333461608
3    4244    40.750795    -73.993576    1333465062
15    221473    40.762890    -73.974030    1354892820
15    99811    40.753874    -73.984429    1354981031
15    13941    40.763556    -73.972868    1355066443
31    6589    40.736527    -73.990560    1333800018
31    135707    40.767611    -73.971258    1334145645
31    141205    40.629924    -73.884778    1334430779
31    135707    40.750996    -73.849368    1373982998
36    222007    40.764169    -73.973415    1363857124
36    1279464    40.761765    -73.961230    1364072723
82    37708    40.759903    -73.980346    1371985858
82    3493080    40.754755    -73.986564    1372870417
82    10560    40.774562    -73.972664    1372954627
82    1748979    40.745368    -73.977496    1372962107
138    253334    40.761847    -73.990151    1352660787
138    135707    40.773839    -73.871220    1366737563
138    2314423    40.749569    -73.981341    1367341673
138    4244    40.750795    -73.993576    1367492725
138    253334    40.761847    -73.990151    1352660787
138    135707    40.773839    -73.871220    1366737563
138    2314423    40.749569    -73.981341    1367341673
138    4244    40.750795    -73.993576    1367492725
138    253334    40.761847    -73.990151    1352660787
138    135707    40.773839    -73.871220    1366737563
138    2314423    40.749569    -73.981341    1367341673
138    4244    40.750795    -73.993576    1367492725
