[3, 15, 31, 36, 82]
[3, 31]
[3, 15, 31, 36, 82]
[3, 15, 31, 36, 82]
[3, 15, 31, 36, 82, 138]
[3, 15, 36, 82, 138]
[3, 15, 31, 36, 82, 138]
[15, 36]
[15, 36, 82, 138]
[15, 36, 138]
[3, 15, 31, 36, 82, 138]
[15, 31, 36]
[15, 31, 36]
[15, 31, 36, 82]
[15, 31, 36, 82, 138]
[3, 15, 36, 82, 138]
[3, 15, 36, 82, 138]
[3, 15, 31, 36, 82, 138]
[15, 36, 82, 138]
[36, 138]
[3, 82, 138]
[3, 15, 31, 36, 82]
[3, 31, 82, 138]
[3, 15, 31, 36, 82]
[15, 36, 82, 138]
[3, 138]
[3, 15, 31, 82, 138]
[3, 31, 138]
[3, 15, 31, 36, 82, 138]
[3, 31, 82, 138]
